1	9	1
1	37	1
1	129	1
1	141	1
1	199	1
1	217	1
1	252	1
1	282	1
1	288	1
1	289	1
1	405	1
1	496	1
1	552	1
1	596	1
1	609	1
1	662	1
1	676	1
1	750	1
1	789	1
1	796	1
1	921	1
1	932	1
1	965	1
2	5	1
2	58	1
2	59	1
2	92	1
2	143	1
2	152	1
2	167	1
2	177	1
2	214	1
2	216	1
2	218	1
2	224	1
2	331	1
2	361	1
2	385	1
2	429	1
2	440	1
2	464	1
2	478	1
2	518	1
2	566	1
2	571	1
2	795	1
3	22	1
3	24	1
3	43	1
3	50	1
3	60	1
3	90	1
3	163	1
3	171	1
3	172	1
3	262	1
3	279	1
3	363	1
3	535	1
3	558	1
3	572	1
3	703	1
3	739	1
3	754	1
3	866	1
3	974	1
3	994	1
4	10	1
4	11	1
4	15	1
4	26	1
4	28	1
4	79	1
4	117	1
4	178	1
4	193	1
4	293	1
4	363	1
4	419	1
4	506	1
4	590	1
4	710	1
4	751	1
4	818	1
4	831	1
4	849	1
4	918	1
5	9	1
5	30	1
5	43	1
5	99	1
5	160	1
5	165	1
5	227	1
5	271	1
5	310	1
5	388	1
5	389	1
5	404	1
5	501	1
5	544	1
5	586	1
5	700	1
5	744	1
5	779	1
5	997	1
6	20	1
6	28	1
6	45	1
6	71	1
6	86	1
6	117	1
6	138	1
6	166	1
6	236	1
6	238	1
6	255	1
6	294	1
6	369	1
6	374	1
6	476	1
6	588	1
6	810	1
6	850	1
6	998	1
7	13	1
7	24	1
7	38	1
7	111	1
7	298	1
7	344	1
7	380	1
7	498	1
7	547	1
7	593	1
7	620	1
7	621	1
7	633	1
7	646	1
7	656	1
7	859	1
7	891	1
7	993	1
8	12	1
8	26	1
8	79	1
8	154	1
8	216	1
8	226	1
8	243	1
8	268	1
8	309	1
8	516	1
8	569	1
8	577	1
8	691	1
8	760	1
8	791	1
8	884	1
8	894	1
9	10	1
9	12	1
9	36	1
9	47	1
9	48	1
9	102	1
9	178	1
9	466	1
9	543	1
9	583	1
9	654	1
9	671	1
9	758	1
9	884	1
9	920	1
10	29	1
10	39	1
10	59	1
10	74	1
10	89	1
10	98	1
10	126	1
10	139	1
10	149	1
10	159	1
10	197	1
10	259	1
10	426	1
10	436	1
10	834	1
11	15	1
11	18	1
11	39	1
11	49	1
11	62	1
11	100	1
11	113	1
11	184	1
11	212	1
11	258	1
11	419	1
11	498	1
11	509	1
11	590	1
11	918	1
11	977	1
12	22	1
12	67	1
12	79	1
12	154	1
12	172	1
12	216	1
12	226	1
12	268	1
12	309	1
12	516	1
12	606	1
12	810	1
12	818	1
12	894	1
13	35	1
13	38	1
13	111	1
13	212	1
13	265	1
13	332	1
13	380	1
13	404	1
13	547	1
13	562	1
13	621	1
13	622	1
13	631	1
13	697	1
13	859	1
14	26	1
14	90	1
14	177	1
14	193	1
14	324	1
14	326	1
14	390	1
14	446	1
14	510	1
14	533	1
14	602	1
14	761	1
14	792	1
14	817	1
14	841	1
15	34	1
15	102	1
15	138	1
15	148	1
15	194	1
15	284	1
15	324	1
15	584	1
15	627	1
15	703	1
15	902	1
15	917	1
15	971	1
16	42	1
16	96	1
16	98	1
16	196	1
16	279	1
16	308	1
16	311	1
16	416	1
16	519	1
16	607	1
16	728	1
16	752	1
16	763	1
16	917	1
16	931	1
17	40	1
17	47	1
17	73	1
17	78	1
17	129	1
17	136	1
17	187	1
17	472	1
17	482	1
17	626	1
17	725	1
17	879	1
17	916	1
17	921	1
17	999	1
18	66	1
18	119	1
18	194	1
18	229	1
18	234	1
18	270	1
18	381	1
18	388	1
18	425	1
18	435	1
18	742	1
18	771	1
18	963	1
18	978	1
19	62	1
19	70	1
19	79	1
19	115	1
19	127	1
19	251	1
19	338	1
19	349	1
19	361	1
19	461	1
19	514	1
19	568	1
19	693	1
19	828	1
19	835	1
20	47	1
20	89	1
20	114	1
20	256	1
20	285	1
20	634	1
20	636	1
20	770	1
20	820	1
20	822	1
20	881	1
20	949	1
20	965	1
21	64	1
21	77	1
21	157	1
21	253	1
21	348	1
21	454	1
21	556	1
21	617	1
21	665	1
21	768	1
21	827	1
21	841	1
21	899	1
21	901	1
22	53	1
22	83	1
22	94	1
22	104	1
22	107	1
22	144	1
22	234	1
22	362	1
22	387	1
22	500	1
22	513	1
22	589	1
23	60	1
23	65	1
23	93	1
23	101	1
23	162	1
23	168	1
23	173	1
23	214	1
23	246	1
23	372	1
23	434	1
23	512	1
23	642	1
23	865	1
24	50	1
24	60	1
24	163	1
24	171	1
24	172	1
24	558	1
24	572	1
24	653	1
24	683	1
24	739	1
24	842	1
24	955	1
25	44	1
25	57	1
25	100	1
25	215	1
25	357	1
25	515	1
25	549	1
25	649	1
25	733	1
25	815	1
25	833	1
25	890	1
25	942	1
25	982	1
26	27	1
26	65	1
26	66	1
26	344	1
26	402	1
26	493	1
26	702	1
26	704	1
26	710	1
26	882	1
27	78	1
27	97	1
27	192	1
27	283	1
27	333	1
27	417	1
27	486	1
27	627	1
27	646	1
27	677	1
27	819	1
27	830	1
28	59	1
28	78	1
28	92	1
28	122	1
28	300	1
28	412	1
28	437	1
28	563	1
28	610	1
28	712	1
28	898	1
29	85	1
29	92	1
29	131	1
29	218	1
29	220	1
29	280	1
29	281	1
29	312	1
29	322	1
29	350	1
29	939	1
29	968	1
30	103	1
30	145	1
30	165	1
30	227	1
30	523	1
30	544	1
30	586	1
30	657	1
30	706	1
30	745	1
30	871	1
30	997	1
31	64	1
31	77	1
31	129	1
31	157	1
31	200	1
31	258	1
31	273	1
31	506	1
31	617	1
31	665	1
31	762	1
31	862	1
31	867	1
32	91	1
32	108	1
32	109	1
32	158	1
32	276	1
32	296	1
32	356	1
32	379	1
32	729	1
32	764	1
32	864	1
32	983	1
33	39	1
33	44	1
33	51	1
33	73	1
33	99	1
33	137	1
33	330	1
33	414	1
33	473	1
33	645	1
33	670	1
33	812	1
34	50	1
34	76	1
34	106	1
34	122	1
34	217	1
34	231	1
34	235	1
34	367	1
34	915	1
34	992	1
35	71	1
35	81	1
35	302	1
35	331	1
35	341	1
35	398	1
35	541	1
35	557	1
35	698	1
35	832	1
36	41	1
36	52	1
36	95	1
36	98	1
36	209	1
36	360	1
36	734	1
36	861	1
36	873	1
36	905	1
37	137	1
37	237	1
37	277	1
37	283	1
37	373	1
37	433	1
37	702	1
37	811	1
37	863	1
37	972	1
38	63	1
38	111	1
38	212	1
38	298	1
38	459	1
38	527	1
38	562	1
38	620	1
38	631	1
39	45	1
39	99	1
39	322	1
39	414	1
39	636	1
39	645	1
39	670	1
39	969	1
40	66	1
40	119	1
40	121	1
40	280	1
40	291	1
40	371	1
40	382	1
40	554	1
40	853	1
40	932	1
41	52	1
41	84	1
41	98	1
41	209	1
41	260	1
41	378	1
41	458	1
41	873	1
41	905	1
41	966	1
42	96	1
42	182	1
42	188	1
42	299	1
42	459	1
42	481	1
42	519	1
42	763	1
42	813	1
42	869	1
43	50	1
43	52	1
43	65	1
43	349	1
43	376	1
43	417	1
43	611	1
43	760	1
43	890	1
44	57	1
44	100	1
44	215	1
44	304	1
44	310	1
44	357	1
44	386	1
44	597	1
44	746	1
45	46	1
45	86	1
45	117	1
45	236	1
45	238	1
45	294	1
45	346	1
45	850	1
45	987	1
46	51	1
46	73	1
46	103	1
46	142	1
46	156	1
46	292	1
46	548	1
46	701	1
46	727	1
46	973	1
47	55	1
47	256	1
47	285	1
47	567	1
47	770	1
47	814	1
47	820	1
47	881	1
48	50	1
48	232	1
48	248	1
48	376	1
48	410	1
48	463	1
48	524	1
48	588	1
48	907	1
48	950	1
49	222	1
49	233	1
49	267	1
49	274	1
49	303	1
49	432	1
49	462	1
49	487	1
49	659	1
49	736	1
50	65	1
50	183	1
50	247	1
50	405	1
50	797	1
51	411	1
51	441	1
51	546	1
51	658	1
51	858	1
51	934	1
51	941	1
51	959	1
52	98	1
52	205	1
52	209	1
52	378	1
52	734	1
52	738	1
52	861	1
53	83	1
53	104	1
53	107	1
53	134	1
53	144	1
53	362	1
53	393	1
53	513	1
53	929	1
54	75	1
54	76	1
54	116	1
54	206	1
54	339	1
54	405	1
54	428	1
54	613	1
54	652	1
54	678	1
55	161	1
55	185	1
55	286	1
55	423	1
55	469	1
55	507	1
55	599	1
55	769	1
55	885	1
56	120	1
56	150	1
56	250	1
56	329	1
56	355	1
56	484	1
56	536	1
56	578	1
56	804	1
56	849	1
57	100	1
57	245	1
57	393	1
57	549	1
57	615	1
57	668	1
57	778	1
57	846	1
58	143	1
58	175	1
58	191	1
58	307	1
58	396	1
58	450	1
58	570	1
58	674	1
58	923	1
59	89	1
59	126	1
59	138	1
59	159	1
59	259	1
59	808	1
59	961	1
60	90	1
60	171	1
60	279	1
60	535	1
60	616	1
60	653	1
60	900	1
61	68	1
61	146	1
61	147	1
61	183	1
61	208	1
61	223	1
61	342	1
61	439	1
61	637	1
61	644	1
62	70	1
62	115	1
62	171	1
62	225	1
62	338	1
62	349	1
62	514	1
63	84	1
63	95	1
63	335	1
63	348	1
63	755	1
63	816	1
63	888	1
63	970	1
64	77	1
64	131	1
64	200	1
64	253	1
64	336	1
64	525	1
64	867	1
65	102	1
65	417	1
65	611	1
65	797	1
65	963	1
66	229	1
66	425	1
66	435	1
66	686	1
66	771	1
66	991	1
67	71	1
67	105	1
67	125	1
67	140	1
67	225	1
67	232	1
67	341	1
67	875	1
68	134	1
68	146	1
68	147	1
68	155	1
68	183	1
68	285	1
68	379	1
68	439	1
69	124	1
69	160	1
69	168	1
69	414	1
69	445	1
69	536	1
69	768	1
69	803	1
69	825	1
70	94	1
70	127	1
70	225	1
70	395	1
70	504	1
70	836	1
70	980	1
71	81	1
71	105	1
71	125	1
71	140	1
71	471	1
71	777	1
72	164	1
72	182	1
72	187	1
72	195	1
72	257	1
72	383	1
72	452	1
72	845	1
72	937	1
73	180	1
73	211	1
73	523	1
73	725	1
73	879	1
73	999	1
74	114	1
74	123	1
74	132	1
74	271	1
74	365	1
74	573	1
74	798	1
75	76	1
75	339	1
75	391	1
75	613	1
75	678	1
75	800	1
75	821	1
76	102	1
76	206	1
76	391	1
76	800	1
76	960	1
77	129	1
77	200	1
77	253	1
77	258	1
77	555	1
78	92	1
78	412	1
78	437	1
78	655	1
78	833	1
79	154	1
79	569	1
79	577	1
79	691	1
80	135	1
80	499	1
80	503	1
80	537	1
80	719	1
80	817	1
80	847	1
80	877	1
81	105	1
81	302	1
81	386	1
81	541	1
81	565	1
81	832	1
82	128	1
82	170	1
82	190	1
82	287	1
82	424	1
82	757	1
82	765	1
82	789	1
83	94	1
83	104	1
83	178	1
83	494	1
83	886	1
83	904	1
84	95	1
84	292	1
84	345	1
84	455	1
84	726	1
84	888	1
85	99	1
85	140	1
85	220	1
85	249	1
85	312	1
85	801	1
85	944	1
86	136	1
86	236	1
86	374	1
86	418	1
86	485	1
86	722	1
87	366	1
87	397	1
87	399	1
87	436	1
87	545	1
87	576	1
87	713	1
87	806	1
88	189	1
88	338	1
88	427	1
88	452	1
88	479	1
88	714	1
88	735	1
88	857	1
89	126	1
89	159	1
89	259	1
89	595	1
89	834	1
90	363	1
90	394	1
90	478	1
90	594	1
90	718	1
91	93	1
91	109	1
91	158	1
91	296	1
91	356	1
91	379	1
91	749	1
92	176	1
92	300	1
92	412	1
92	623	1
93	101	1
93	168	1
93	642	1
93	856	1
93	880	1
93	954	1
94	104	1
94	107	1
94	133	1
94	460	1
94	612	1
95	455	1
95	477	1
95	494	1
95	816	1
96	196	1
96	459	1
96	485	1
96	614	1
96	752	1
97	166	1
97	195	1
97	269	1
97	534	1
97	635	1
97	712	1
98	209	1
98	738	1
99	303	1
99	330	1
99	812	1
100	386	1
100	643	1
100	870	1
101	162	1
101	191	1
101	219	1
101	276	1
101	886	1
102	138	1
102	464	1
102	512	1
103	156	1
103	290	1
103	313	1
103	548	1
103	727	1
104	264	1
104	362	1
104	699	1
105	125	1
105	389	1
105	698	1
105	875	1
106	235	1
106	246	1
106	367	1
106	392	1
106	799	1
106	992	1
107	133	1
107	203	1
107	266	1
107	904	1
108	123	1
108	189	1
108	240	1
108	263	1
108	401	1
108	851	1
109	158	1
109	243	1
109	381	1
109	601	1
109	749	1
110	208	1
110	400	1
110	488	1
110	528	1
110	792	1
110	847	1
110	919	1
111	237	1
111	332	1
111	606	1
112	142	1
112	235	1
112	297	1
112	301	1
112	343	1
112	360	1
113	230	1
113	327	1
113	328	1
113	585	1
113	844	1
114	403	1
114	430	1
114	619	1
114	805	1
115	227	1
115	369	1
115	395	1
115	828	1
116	270	1
116	502	1
116	837	1
116	927	1
116	991	1
117	255	1
117	511	1
117	579	1
118	262	1
118	351	1
118	520	1
118	526	1
118	673	1
118	715	1
119	121	1
119	239	1
119	382	1
119	830	1
120	150	1
120	241	1
120	664	1
120	759	1
120	1000	1
121	291	1
121	382	1
121	554	1
121	853	1
122	217	1
122	231	1
122	392	1
122	666	1
123	427	1
123	561	1
123	632	1
123	826	1
124	160	1
124	445	1
124	793	1
124	803	1
124	947	1
125	140	1
125	685	1
125	956	1
126	149	1
126	159	1
126	462	1
127	451	1
127	693	1
127	765	1
127	957	1
128	293	1
128	424	1
128	664	1
128	707	1
128	720	1
129	556	1
129	969	1
130	135	1
130	231	1
130	235	1
130	392	1
130	915	1
130	938	1
131	322	1
131	624	1
131	747	1
131	939	1
132	267	1
132	365	1
132	366	1
132	399	1
132	908	1
133	291	1
133	298	1
133	393	1
133	546	1
134	155	1
134	431	1
134	809	1
134	906	1
135	499	1
135	503	1
135	537	1
135	948	1
136	152	1
136	265	1
136	696	1
136	962	1
137	237	1
137	277	1
137	283	1
137	995	1
138	582	1
138	902	1
139	360	1
139	521	1
139	705	1
139	903	1
139	958	1
140	398	1
140	618	1
141	252	1
141	282	1
141	289	1
141	685	1
141	891	1
142	262	1
142	384	1
142	470	1
142	648	1
143	224	1
143	429	1
143	440	1
143	614	1
144	203	1
144	387	1
144	542	1
144	618	1
145	227	1
145	404	1
145	501	1
145	596	1
145	700	1
146	147	1
146	155	1
146	203	1
146	722	1
147	196	1
147	468	1
147	896	1
148	239	1
148	244	1
148	409	1
148	724	1
148	823	1
149	179	1
149	242	1
149	264	1
149	584	1
150	241	1
150	299	1
150	467	1
150	559	1
151	183	1
151	430	1
151	637	1
151	737	1
151	782	1
151	985	1
152	228	1
152	641	1
152	682	1
152	838	1
153	159	1
153	318	1
153	325	1
153	354	1
153	443	1
153	936	1
154	407	1
154	600	1
155	751	1
155	862	1
156	290	1
156	447	1
156	701	1
157	475	1
157	784	1
157	901	1
158	243	1
158	658	1
160	445	1
160	753	1
161	185	1
161	323	1
161	672	1
161	885	1
162	254	1
162	257	1
162	456	1
163	175	1
163	279	1
163	594	1
164	185	1
164	199	1
164	257	1
164	531	1
165	389	1
165	706	1
165	711	1
166	375	1
166	534	1
166	635	1
167	201	1
167	224	1
167	566	1
167	571	1
168	340	1
168	926	1
169	261	1
169	346	1
169	428	1
169	628	1
169	976	1
170	190	1
170	213	1
170	278	1
170	639	1
171	180	1
172	180	1
172	955	1
173	210	1
173	219	1
173	434	1
173	971	1
174	198	1
174	337	1
174	438	1
174	466	1
174	909	1
175	191	1
175	396	1
175	450	1
176	315	1
176	319	1
176	604	1
176	910	1
177	193	1
177	533	1
177	984	1
178	260	1
178	543	1
179	264	1
179	274	1
179	275	1
179	442	1
180	687	1
180	900	1
181	323	1
181	421	1
181	638	1
181	836	1
181	928	1
182	187	1
182	452	1
182	802	1
183	468	1
184	208	1
184	400	1
184	488	1
184	919	1
185	286	1
185	507	1
186	247	1
186	560	1
186	629	1
186	639	1
186	977	1
187	924	1
187	961	1
188	416	1
188	481	1
188	728	1
188	877	1
189	335	1
189	453	1
189	989	1
190	266	1
190	278	1
190	837	1
191	307	1
191	925	1
192	333	1
192	443	1
192	819	1
192	945	1
193	446	1
193	602	1
194	234	1
194	381	1
194	717	1
195	661	1
195	892	1
196	941	1
197	329	1
197	467	1
197	608	1
198	207	1
198	438	1
198	581	1
199	383	1
199	531	1
200	258	1
201	267	1
201	669	1
201	776	1
202	205	1
202	269	1
202	603	1
202	623	1
203	387	1
204	315	1
204	319	1
204	518	1
204	604	1
205	491	1
205	775	1
206	679	1
206	952	1
207	223	1
207	451	1
207	809	1
208	400	1
210	214	1
210	434	1
210	497	1
211	492	1
211	696	1
211	731	1
212	633	1
213	358	1
213	947	1
213	975	1
214	553	1
215	465	1
215	689	1
216	600	1
217	938	1
218	406	1
218	747	1
219	856	1
219	990	1
220	625	1
220	874	1
221	299	1
221	422	1
221	608	1
221	793	1
222	233	1
222	432	1
222	652	1
223	906	1
223	985	1
224	295	1
225	996	1
226	268	1
226	980	1
228	265	1
228	483	1
228	641	1
229	517	1
229	949	1
230	480	1
230	529	1
230	822	1
231	781	1
232	302	1
232	413	1
233	303	1
233	432	1
234	840	1
236	456	1
237	277	1
238	660	1
238	998	1
239	671	1
239	774	1
240	263	1
240	632	1
240	826	1
241	559	1
241	966	1
242	264	1
242	275	1
242	610	1
243	356	1
244	278	1
244	313	1
244	852	1
245	643	1
245	746	1
245	982	1
246	508	1
246	954	1
247	640	1
247	690	1
248	316	1
248	330	1
248	415	1
249	312	1
249	455	1
249	624	1
250	320	1
250	680	1
250	845	1
251	595	1
251	914	1
251	934	1
252	282	1
252	831	1
253	555	1
254	324	1
254	372	1
254	990	1
255	786	1
255	916	1
256	634	1
256	910	1
257	660	1
259	638	1
260	654	1
260	758	1
261	451	1
261	579	1
261	913	1
262	384	1
263	570	1
263	857	1
265	705	1
266	368	1
266	740	1
267	448	1
268	309	1
269	334	1
269	922	1
270	851	1
270	931	1
271	576	1
271	776	1
272	538	1
272	650	1
272	767	1
272	807	1
273	336	1
273	348	1
273	929	1
274	487	1
274	736	1
275	413	1
275	442	1
276	314	1
276	708	1
277	283	1
278	975	1
280	532	1
280	855	1
281	352	1
281	408	1
281	732	1
282	552	1
284	522	1
284	564	1
284	711	1
286	769	1
287	293	1
287	575	1
288	496	1
288	925	1
289	662	1
290	755	1
292	345	1
294	597	1
295	542	1
295	551	1
296	605	1
297	351	1
297	887	1
300	437	1
301	306	1
301	521	1
304	766	1
304	946	1
305	325	1
305	743	1
305	801	1
306	343	1
306	911	1
307	835	1
308	311	1
308	342	1
310	681	1
311	416	1
313	930	1
314	708	1
314	933	1
315	449	1
316	329	1
316	907	1
317	667	1
317	864	1
317	897	1
318	353	1
318	591	1
319	692	1
320	540	1
320	804	1
321	328	1
321	457	1
321	585	1
323	420	1
325	422	1
326	390	1
326	984	1
327	480	1
327	756	1
328	515	1
331	385	1
332	640	1
333	945	1
334	490	1
334	603	1
335	970	1
336	827	1
337	438	1
337	967	1
339	340	1
340	933	1
341	742	1
342	346	1
343	526	1
344	659	1
345	474	1
347	350	1
347	406	1
347	688	1
350	935	1
351	981	1
352	418	1
352	528	1
353	354	1
353	530	1
354	964	1
355	540	1
355	1000	1
357	733	1
358	364	1
358	368	1
359	598	1
359	741	1
359	988	1
361	709	1
364	368	1
364	424	1
365	399	1
366	403	1
367	666	1
369	395	1
370	508	1
370	601	1
370	605	1
371	689	1
371	815	1
372	707	1
373	986	1
373	995	1
374	394	1
375	790	1
375	892	1
376	463	1
377	383	1
377	616	1
377	987	1
378	448	1
380	656	1
384	958	1
385	883	1
388	868	1
390	415	1
391	960	1
394	994	1
396	661	1
397	430	1
397	448	1
398	863	1
401	447	1
401	922	1
402	593	1
402	704	1
403	669	1
406	874	1
407	839	1
407	981	1
408	532	1
408	944	1
409	550	1
409	930	1
410	415	1
410	782	1
411	441	1
411	993	1
413	557	1
418	732	1
419	509	1
420	423	1
420	716	1
421	545	1
421	895	1
422	748	1
423	599	1
425	592	1
426	493	1
426	723	1
427	967	1
428	679	1
429	655	1
431	564	1
431	976	1
433	972	1
433	986	1
435	840	1
436	806	1
439	940	1
440	486	1
441	951	1
442	615	1
443	530	1
444	457	1
444	779	1
444	979	1
446	505	1
447	735	1
449	482	1
449	767	1
450	923	1
453	479	1
453	730	1
454	829	1
454	899	1
456	497	1
457	773	1
458	630	1
458	852	1
460	589	1
460	883	1
461	684	1
461	741	1
465	522	1
469	716	1
470	574	1
471	759	1
472	785	1
473	973	1
474	794	1
475	539	1
476	582	1
477	871	1
483	676	1
484	511	1
489	553	1
489	865	1
490	491	1
492	838	1
495	672	1
495	780	1
500	612	1
502	717	1
504	957	1
505	761	1
510	766	1
517	697	1
520	887	1
524	950	1
525	650	1
527	622	1
529	912	1
538	807	1
539	805	1
550	592	1
551	795	1
560	943	1
561	714	1
563	896	1
565	979	1
567	647	1
568	587	1
573	580	1
574	911	1
575	860	1
578	794	1
580	713	1
581	829	1
583	740	1
587	684	1
591	897	1
598	953	1
607	869	1
609	750	1
619	811	1
625	872	1
626	796	1
628	913	1
629	943	1
630	788	1
644	737	1
647	674	1
648	673	1
649	778	1
651	775	1
651	855	1
657	843	1
663	764	1
663	876	1
667	928	1
668	846	1
675	787	1
675	908	1
677	730	1
680	844	1
681	996	1
682	872	1
683	912	1
686	699	1
687	974	1
688	843	1
690	889	1
692	726	1
694	709	1
694	946	1
695	808	1
695	882	1
715	799	1
718	988	1
719	948	1
720	757	1
721	880	1
721	909	1
723	983	1
724	774	1
729	876	1
731	964	1
743	968	1
744	745	1
748	780	1
753	825	1
754	842	1
756	898	1
762	781	1
772	784	1
772	914	1
773	889	1
777	895	1
783	926	1
783	927	1
785	848	1
786	952	1
787	878	1
788	893	1
790	854	1
791	866	1
798	920	1
802	940	1
813	821	1
814	854	1
823	893	1
824	935	1
824	959	1
839	903	1
848	860	1
858	951	1
868	978	1
870	942	1
878	953	1
924	937	1
936	962	1
956	989	1
1	7	2
1	69	2
1	74	2
1	129	2
1	205	2
1	269	2
1	282	2
1	496	2
1	536	2
1	597	2
1	750	2
1	789	2
1	962	2
2	25	2
2	44	2
2	56	2
2	179	2
2	218	2
2	371	2
2	605	2
3	77	2
3	86	2
3	117	2
3	244	2
4	28	2
4	146	2
4	285	2
4	318	2
4	499	2
4	831	2
5	13	2
5	87	2
5	124	2
5	141	2
5	145	2
5	160	2
5	165	2
5	211	2
5	227	2
5	271	2
5	310	2
5	389	2
5	399	2
5	404	2
5	439	2
5	528	2
5	544	2
5	654	2
5	667	2
5	744	2
5	779	2
5	805	2
5	839	2
5	997	2
7	13	2
7	21	2
7	38	2
7	75	2
7	84	2
7	85	2
7	138	2
7	173	2
7	344	2
7	402	2
7	458	2
7	484	2
7	493	2
7	538	2
7	593	2
7	620	2
7	704	2
7	710	2
7	842	2
7	863	2
7	942	2
8	26	2
8	216	2
8	226	2
8	302	2
8	309	2
8	577	2
8	894	2
9	34	2
9	46	2
9	80	2
9	142	2
9	361	2
9	413	2
9	415	2
9	471	2
9	537	2
9	618	2
9	687	2
9	698	2
9	757	2
9	985	2
10	24	2
10	77	2
10	117	2
10	154	2
10	294	2
11	67	2
11	71	2
11	88	2
11	113	2
11	296	2
11	328	2
11	442	2
11	444	2
11	480	2
11	509	2
11	619	2
13	87	2
13	124	2
13	141	2
13	160	2
13	165	2
13	332	2
13	380	2
13	399	2
13	404	2
13	586	2
13	688	2
13	843	2
15	138	2
15	197	2
15	221	2
15	467	2
16	96	2
16	98	2
16	209	2
16	249	2
16	261	2
16	532	2
16	974	2
18	49	2
18	119	2
18	153	2
18	274	2
18	530	2
20	58	2
20	84	2
20	172	2
20	341	2
20	636	2
20	761	2
20	804	2
21	26	2
21	39	2
21	86	2
21	148	2
21	232	2
21	348	2
21	350	2
21	408	2
21	454	2
21	768	2
22	23	2
22	42	2
22	59	2
22	144	2
22	186	2
22	210	2
22	214	2
22	247	2
22	414	2
22	456	2
22	489	2
22	589	2
22	615	2
22	690	2
22	791	2
23	33	2
23	60	2
23	414	2
23	530	2
24	77	2
24	86	2
24	171	2
24	336	2
24	683	2
24	794	2
25	44	2
25	57	2
25	78	2
25	390	2
25	510	2
25	512	2
25	954	2
26	37	2
26	44	2
26	61	2
26	84	2
26	89	2
26	193	2
26	214	2
26	225	2
26	237	2
26	242	2
26	327	2
26	332	2
26	373	2
26	505	2
26	519	2
26	557	2
26	702	2
26	838	2
26	861	2
26	972	2
26	986	2
26	995	2
28	37	2
28	78	2
28	161	2
28	164	2
28	323	2
28	386	2
28	396	2
28	469	2
28	503	2
28	716	2
28	778	2
28	833	2
28	870	2
29	55	2
29	101	2
29	173	2
29	220	2
29	488	2
29	498	2
29	880	2
31	93	2
31	157	2
31	178	2
31	252	2
31	260	2
31	299	2
31	412	2
31	563	2
31	819	2
31	837	2
32	158	2
32	356	2
32	370	2
32	567	2
32	824	2
32	981	2
32	989	2
33	330	2
33	746	2
34	57	2
34	75	2
34	76	2
34	206	2
34	235	2
34	339	2
34	391	2
34	428	2
34	613	2
34	652	2
34	800	2
34	960	2
37	62	2
37	141	2
37	142	2
37	203	2
37	263	2
37	373	2
37	519	2
37	861	2
37	864	2
37	926	2
38	212	2
38	420	2
38	606	2
38	631	2
38	656	2
38	675	2
38	701	2
39	214	2
39	246	2
39	456	2
39	615	2
39	681	2
39	886	2
42	93	2
42	178	2
42	299	2
42	412	2
42	437	2
43	50	2
43	65	2
43	71	2
43	133	2
43	188	2
43	436	2
43	534	2
43	543	2
43	545	2
43	607	2
43	772	2
43	864	2
44	179	2
44	371	2
44	584	2
44	693	2
46	142	2
46	413	2
46	618	2
46	800	2
47	55	2
47	101	2
47	117	2
47	208	2
47	254	2
47	256	2
48	89	2
48	169	2
48	253	2
48	270	2
48	298	2
48	315	2
48	356	2
48	368	2
48	378	2
48	451	2
48	463	2
48	524	2
48	692	2
48	893	2
48	917	2
48	950	2
49	97	2
49	121	2
49	194	2
49	259	2
49	267	2
49	291	2
49	374	2
49	432	2
49	495	2
49	676	2
49	748	2
50	65	2
50	71	2
50	96	2
50	188	2
50	190	2
50	301	2
50	417	2
50	436	2
50	534	2
50	543	2
50	583	2
50	705	2
50	797	2
50	853	2
51	72	2
51	185	2
51	193	2
51	441	2
51	594	2
51	687	2
51	858	2
51	934	2
55	219	2
55	314	2
55	769	2
56	67	2
56	221	2
56	346	2
56	419	2
56	531	2
56	664	2
56	815	2
56	868	2
57	179	2
57	218	2
57	510	2
57	605	2
57	633	2
57	654	2
57	689	2
57	746	2
57	766	2
57	786	2
57	817	2
57	900	2
58	396	2
58	486	2
58	718	2
59	147	2
59	159	2
59	255	2
59	834	2
60	186	2
60	247	2
60	535	2
60	988	2
61	68	2
61	110	2
61	155	2
61	183	2
61	207	2
61	319	2
61	390	2
61	431	2
61	468	2
61	809	2
61	906	2
61	940	2
62	171	2
62	211	2
62	225	2
62	337	2
62	369	2
62	395	2
62	433	2
62	438	2
62	536	2
62	674	2
62	678	2
65	71	2
65	101	2
65	188	2
65	301	2
65	308	2
65	417	2
65	525	2
66	120	2
66	270	2
66	384	2
66	388	2
66	633	2
66	840	2
66	963	2
67	557	2
67	585	2
67	844	2
68	110	2
68	207	2
68	319	2
68	338	2
69	122	2
69	205	2
69	209	2
69	252	2
69	269	2
69	289	2
69	367	2
69	441	2
69	597	2
69	627	2
69	753	2
70	100	2
70	127	2
70	133	2
70	333	2
70	387	2
70	486	2
70	650	2
70	772	2
70	774	2
71	797	2
71	860	2
72	187	2
72	195	2
72	383	2
72	547	2
72	907	2
73	89	2
73	105	2
73	170	2
73	490	2
73	707	2
74	129	2
74	201	2
74	255	2
74	461	2
74	587	2
74	619	2
75	76	2
75	87	2
75	193	2
75	206	2
75	335	2
75	336	2
75	339	2
75	391	2
75	409	2
75	613	2
75	652	2
75	679	2
75	697	2
75	960	2
76	135	2
76	339	2
76	428	2
76	697	2
77	83	2
77	86	2
77	117	2
77	132	2
77	336	2
77	484	2
77	578	2
77	603	2
77	683	2
77	754	2
77	794	2
77	932	2
77	955	2
77	986	2
77	994	2
77	998	2
78	161	2
78	164	2
78	503	2
78	716	2
78	751	2
79	216	2
79	302	2
79	403	2
79	818	2
80	142	2
80	537	2
83	246	2
83	508	2
83	988	2
84	90	2
84	95	2
84	102	2
84	105	2
84	130	2
84	183	2
84	188	2
84	189	2
84	216	2
84	229	2
84	243	2
84	266	2
84	270	2
84	292	2
84	335	2
84	354	2
84	421	2
84	723	2
84	901	2
85	156	2
85	233	2
85	392	2
85	562	2
86	117	2
86	484	2
86	683	2
86	972	2
87	539	2
87	657	2
87	997	2
88	240	2
88	263	2
88	345	2
88	453	2
88	559	2
88	730	2
88	826	2
88	857	2
89	169	2
89	298	2
89	315	2
89	463	2
89	595	2
89	630	2
89	731	2
89	917	2
89	941	2
89	966	2
90	231	2
90	235	2
90	351	2
90	762	2
90	783	2
90	938	2
93	165	2
93	247	2
93	299	2
93	412	2
93	466	2
93	488	2
93	563	2
93	755	2
93	771	2
95	455	2
95	830	2
96	417	2
96	583	2
96	607	2
96	853	2
97	166	2
97	242	2
97	259	2
97	291	2
97	382	2
97	443	2
97	495	2
97	748	2
97	927	2
97	987	2
98	209	2
98	249	2
98	532	2
100	127	2
100	133	2
100	568	2
100	643	2
100	650	2
101	208	2
101	219	2
101	246	2
101	254	2
101	256	2
101	369	2
101	482	2
101	758	2
102	130	2
102	229	2
102	292	2
102	335	2
102	410	2
102	474	2
102	888	2
104	121	2
104	129	2
104	255	2
104	669	2
104	867	2
105	157	2
105	170	2
105	190	2
105	278	2
105	307	2
105	490	2
105	525	2
105	602	2
105	608	2
105	626	2
105	670	2
105	694	2
105	707	2
105	725	2
105	875	2
105	921	2
105	956	2
105	999	2
109	121	2
109	242	2
109	291	2
109	382	2
110	207	2
110	208	2
110	439	2
110	732	2
111	212	2
111	237	2
111	380	2
111	631	2
111	701	2
111	993	2
112	118	2
112	123	2
112	154	2
112	240	2
112	297	2
112	306	2
112	407	2
112	429	2
112	516	2
112	521	2
112	549	2
112	561	2
112	714	2
112	951	2
113	321	2
113	529	2
114	284	2
114	540	2
114	545	2
114	625	2
114	895	2
115	133	2
115	144	2
115	255	2
115	361	2
115	568	2
116	121	2
116	267	2
116	689	2
116	987	2
117	169	2
117	244	2
117	484	2
117	511	2
117	754	2
118	123	2
118	154	2
118	427	2
118	429	2
118	510	2
119	374	2
120	270	2
120	388	2
120	759	2
121	554	2
122	205	2
122	282	2
122	316	2
122	334	2
123	154	2
123	375	2
123	516	2
123	521	2
123	632	2
124	141	2
124	852	2
126	277	2
126	344	2
126	481	2
127	133	2
127	203	2
127	526	2
128	226	2
128	487	2
128	501	2
128	740	2
128	818	2
129	196	2
129	798	2
129	834	2
130	135	2
130	189	2
130	354	2
132	389	2
132	409	2
132	458	2
132	487	2
132	726	2
132	823	2
132	841	2
132	908	2
133	144	2
133	187	2
133	203	2
133	338	2
133	340	2
133	362	2
133	387	2
133	650	2
133	774	2
133	957	2
134	431	2
134	493	2
134	720	2
134	809	2
135	149	2
135	224	2
135	295	2
135	317	2
135	445	2
135	571	2
135	784	2
135	795	2
135	899	2
138	250	2
138	868	2
141	160	2
141	165	2
141	218	2
141	399	2
141	539	2
141	586	2
141	744	2
141	805	2
142	413	2
142	415	2
142	471	2
142	618	2
142	684	2
142	698	2
142	727	2
142	751	2
142	875	2
142	877	2
142	985	2
143	153	2
143	202	2
143	418	2
143	440	2
143	651	2
143	775	2
144	203	2
145	165	2
145	271	2
145	430	2
145	958	2
146	285	2
146	353	2
147	196	2
147	201	2
147	438	2
147	454	2
148	239	2
148	348	2
148	437	2
148	901	2
149	157	2
149	224	2
149	445	2
149	688	2
153	202	2
153	651	2
153	775	2
153	936	2
154	407	2
154	711	2
155	187	2
155	207	2
155	468	2
155	983	2
156	220	2
156	224	2
157	224	2
157	295	2
157	317	2
157	440	2
157	445	2
157	475	2
157	571	2
157	743	2
157	784	2
157	899	2
158	277	2
158	481	2
158	553	2
158	821	2
158	851	2
159	870	2
159	913	2
161	323	2
161	623	2
164	323	2
164	769	2
165	811	2
166	182	2
166	195	2
166	257	2
166	316	2
166	410	2
166	547	2
166	767	2
166	854	2
166	943	2
168	173	2
168	434	2
168	758	2
169	253	2
169	356	2
170	490	2
170	525	2
170	670	2
170	856	2
171	198	2
171	211	2
172	191	2
172	307	2
172	333	2
172	341	2
172	405	2
172	494	2
172	556	2
172	564	2
172	570	2
172	741	2
172	866	2
173	208	2
173	314	2
173	400	2
173	482	2
173	495	2
173	498	2
173	820	2
173	830	2
173	971	2
173	990	2
178	260	2
178	466	2
178	563	2
178	717	2
179	274	2
179	566	2
182	195	2
182	340	2
182	802	2
183	207	2
183	732	2
183	776	2
183	782	2
185	193	2
185	385	2
186	246	2
186	284	2
186	508	2
187	272	2
187	383	2
187	452	2
187	892	2
189	335	2
189	888	2
190	725	2
190	921	2
191	333	2
191	820	2
192	330	2
192	560	2
192	587	2
192	592	2
192	629	2
192	919	2
193	223	2
193	385	2
193	535	2
193	558	2
193	739	2
193	850	2
193	858	2
193	934	2
194	242	2
194	374	2
195	610	2
195	943	2
196	258	2
196	527	2
196	867	2
196	941	2
196	976	2
197	664	2
197	902	2
197	937	2
198	207	2
198	337	2
198	438	2
201	454	2
201	579	2
202	418	2
202	872	2
203	361	2
203	504	2
205	269	2
205	289	2
205	603	2
205	910	2
205	980	2
206	511	2
207	319	2
207	385	2
207	451	2
207	468	2
207	782	2
209	249	2
209	261	2
210	219	2
210	681	2
211	527	2
211	581	2
211	678	2
213	266	2
213	358	2
213	368	2
214	489	2
216	302	2
218	566	2
220	290	2
220	473	2
220	665	2
221	346	2
223	700	2
223	737	2
223	906	2
224	295	2
224	317	2
224	795	2
225	395	2
226	302	2
226	309	2
227	310	2
227	779	2
228	256	2
228	555	2
228	556	2
228	625	2
228	641	2
228	827	2
229	335	2
231	351	2
231	992	2
232	302	2
232	408	2
232	728	2
233	290	2
233	352	2
233	850	2
234	374	2
234	462	2
234	887	2
235	762	2
235	783	2
235	938	2
237	373	2
238	239	2
238	248	2
238	671	2
238	695	2
238	699	2
239	248	2
239	588	2
239	869	2
240	730	2
242	379	2
242	579	2
242	928	2
243	354	2
243	876	2
244	313	2
246	690	2
247	640	2
248	592	2
248	695	2
250	815	2
250	970	2
252	705	2
253	378	2
253	905	2
254	528	2
254	641	2
254	926	2
255	264	2
255	448	2
255	745	2
257	482	2
257	802	2
258	576	2
258	922	2
259	291	2
259	638	2
260	568	2
261	507	2
261	974	2
263	427	2
263	479	2
263	956	2
264	448	2
264	573	2
265	347	2
265	483	2
265	838	2
266	358	2
266	491	2
266	623	2
267	462	2
267	668	2
269	328	2
269	334	2
270	384	2
270	388	2
270	931	2
270	949	2
271	544	2
271	791	2
272	410	2
272	578	2
274	928	2
277	553	2
277	874	2
278	358	2
278	999	2
282	825	2
284	522	2
285	318	2
285	353	2
285	777	2
289	662	2
289	825	2
290	392	2
290	432	2
290	473	2
290	622	2
290	950	2
292	474	2
292	590	2
293	368	2
293	781	2
294	463	2
294	955	2
296	442	2
296	529	2
296	727	2
297	306	2
297	561	2
298	966	2
301	860	2
302	740	2
306	343	2
306	719	2
307	486	2
308	436	2
309	600	2
310	831	2
313	878	2
313	953	2
314	708	2
315	630	2
315	726	2
316	575	2
321	347	2
323	844	2
326	505	2
326	526	2
326	574	2
326	984	2
327	541	2
328	480	2
328	509	2
328	756	2
331	352	2
331	432	2
333	486	2
334	490	2
335	590	2
336	998	2
338	362	2
338	504	2
340	996	2
343	407	2
343	470	2
343	639	2
344	402	2
344	538	2
345	479	2
345	735	2
346	430	2
346	531	2
347	555	2
348	408	2
350	577	2
351	992	2
352	392	2
353	499	2
356	893	2
362	996	2
366	403	2
366	892	2
367	627	2
367	666	2
368	491	2
369	708	2
370	691	2
370	989	2
371	643	2
373	723	2
374	923	2
375	470	2
377	575	2
377	616	2
378	640	2
379	668	2
379	983	2
380	656	2
382	443	2
383	767	2
383	907	2
384	981	2
386	420	2
388	931	2
389	811	2
389	843	2
390	817	2
391	679	2
395	504	2
395	765	2
399	799	2
400	990	2
402	620	2
403	669	2
405	461	2
405	628	2
409	747	2
412	717	2
416	821	2
416	851	2
419	970	2
420	507	2
421	816	2
421	856	2
425	533	2
425	574	2
425	713	2
430	852	2
431	737	2
432	622	2
432	665	2
433	674	2
433	829	2
434	880	2
440	571	2
441	739	2
442	827	2
443	495	2
444	509	2
445	869	2
446	505	2
446	533	2
446	984	2
452	848	2
452	854	2
453	632	2
455	813	2
456	589	2
457	541	2
457	773	2
457	979	2
458	930	2
462	927	2
467	937	2
469	712	2
473	958	2
475	949	2
479	826	2
481	874	2
483	816	2
491	685	2
493	710	2
494	702	2
494	923	2
496	750	2
496	962	2
499	719	2
501	894	2
503	712	2
504	598	2
508	773	2
511	994	2
512	948	2
522	667	2
523	866	2
523	884	2
524	692	2
530	887	2
532	859	2
540	897	2
543	565	2
547	709	2
549	584	2
549	786	2
553	749	2
554	913	2
555	676	2
558	594	2
559	995	2
560	891	2
562	935	2
564	639	2
565	979	2
566	954	2
567	766	2
570	804	2
571	886	2
573	976	2
576	922	2
580	703	2
580	741	2
581	829	2
585	871	2
588	699	2
593	704	2
595	932	2
598	957	2
600	728	2
602	608	2
602	616	2
602	626	2
606	734	2
609	753	2
609	768	2
610	908	2
628	913	2
629	787	2
636	925	2
638	971	2
641	682	2
652	749	2
655	872	2
655	936	2
657	700	2
662	706	2
666	902	2
671	980	2
675	745	2
682	884	2
684	878	2
685	781	2
691	948	2
693	694	2
703	761	2
706	713	2
709	765	2
711	897	2
714	951	2
718	925	2
720	940	2
731	905	2
734	993	2
735	857	2
743	968	2
747	823	2
755	876	2
756	912	2
757	877	2
759	863	2
760	848	2
760	963	2
771	819	2
776	798	2
777	895	2
778	833	2
787	839	2
789	910	2
799	930	2
813	837	2
824	935	2
840	891	2
841	900	2
842	942	2
859	968	2
871	912	2
919	953	2
1	95	3
1	129	3
1	142	3
1	168	3
1	240	3
1	263	3
1	417	3
1	547	3
1	679	3
1	714	3
1	811	3
1	888	3
2	317	3
2	371	3
2	421	3
2	692	3
2	756	3
2	767	3
2	895	3
4	23	3
4	651	3
6	28	3
6	71	3
6	76	3
6	225	3
6	369	3
6	428	3
6	462	3
6	527	3
6	952	3
7	24	3
7	92	3
7	536	3
9	36	3
9	142	3
9	301	3
12	19	3
12	67	3
12	71	3
12	328	3
12	338	3
12	374	3
15	102	3
15	138	3
15	140	3
15	150	3
15	191	3
15	197	3
15	653	3
18	24	3
18	29	3
18	103	3
18	206	3
18	262	3
18	739	3
19	107	3
19	115	3
19	159	3
19	175	3
19	219	3
19	227	3
19	326	3
19	461	3
19	508	3
19	568	3
19	794	3
19	829	3
19	870	3
19	997	3
20	317	3
20	895	3
21	289	3
21	366	3
21	619	3
23	33	3
23	86	3
23	101	3
23	210	3
23	288	3
23	372	3
23	489	3
23	542	3
23	723	3
23	865	3
24	29	3
24	92	3
24	206	3
24	210	3
24	226	3
24	231	3
24	602	3
24	872	3
24	882	3
24	982	3
28	323	3
28	649	3
29	85	3
29	92	3
33	137	3
33	254	3
33	639	3
36	98	3
36	204	3
36	503	3
36	861	3
36	905	3
38	46	3
38	146	3
38	342	3
38	634	3
46	66	3
46	103	3
46	146	3
46	155	3
46	201	3
46	315	3
46	342	3
46	459	3
46	468	3
46	604	3
46	800	3
47	150	3
47	814	3
47	990	3
48	270	3
48	368	3
48	417	3
48	463	3
48	524	3
48	541	3
48	624	3
48	723	3
48	848	3
48	917	3
50	190	3
50	204	3
50	405	3
53	116	3
53	782	3
55	289	3
55	619	3
55	991	3
59	159	3
59	241	3
59	300	3
59	374	3
59	475	3
59	923	3
59	961	3
64	82	3
64	131	3
64	190	3
64	204	3
64	311	3
64	336	3
64	387	3
64	520	3
64	663	3
64	734	3
64	763	3
64	930	3
66	257	3
66	633	3
66	771	3
67	338	3
67	557	3
67	816	3
67	844	3
71	398	3
71	471	3
73	89	3
73	90	3
73	209	3
73	336	3
73	523	3
73	552	3
74	114	3
74	123	3
74	461	3
74	706	3
75	84	3
75	87	3
75	243	3
75	262	3
75	296	3
75	312	3
75	335	3
75	727	3
75	729	3
75	988	3
76	206	3
76	225	3
76	428	3
76	527	3
76	571	3
76	697	3
77	271	3
77	413	3
77	587	3
79	86	3
79	88	3
79	120	3
79	403	3
82	143	3
82	882	3
84	95	3
84	335	3
85	244	3
85	678	3
86	88	3
86	95	3
86	108	3
86	120	3
86	136	3
86	392	3
86	403	3
86	518	3
86	640	3
86	720	3
86	816	3
86	822	3
86	867	3
86	972	3
87	243	3
87	537	3
87	897	3
88	108	3
88	240	3
88	720	3
88	972	3
89	209	3
89	336	3
89	789	3
90	146	3
90	336	3
90	344	3
90	796	3
92	172	3
92	206	3
92	536	3
94	116	3
94	387	3
94	500	3
94	612	3
95	112	3
95	142	3
95	240	3
95	301	3
95	345	3
95	474	3
95	547	3
95	989	3
96	111	3
96	137	3
98	209	3
98	286	3
100	245	3
100	253	3
100	304	3
100	402	3
100	568	3
101	246	3
101	254	3
101	256	3
101	446	3
102	450	3
102	464	3
103	140	3
103	362	3
103	444	3
103	491	3
103	503	3
103	704	3
103	751	3
103	836	3
103	863	3
103	968	3
105	198	3
105	243	3
105	328	3
105	338	3
105	389	3
105	515	3
107	115	3
107	159	3
107	461	3
107	508	3
107	815	3
108	518	3
108	691	3
108	975	3
110	139	3
110	153	3
110	281	3
110	320	3
110	332	3
110	362	3
110	505	3
110	781	3
110	783	3
110	847	3
111	137	3
111	203	3
111	237	3
111	256	3
111	277	3
111	281	3
111	320	3
111	332	3
111	450	3
111	498	3
111	710	3
111	935	3
111	986	3
112	240	3
112	714	3
114	413	3
114	706	3
114	766	3
114	806	3
115	910	3
116	140	3
116	410	3
116	502	3
116	513	3
118	206	3
118	510	3
120	1000	3
123	587	3
123	806	3
128	232	3
128	323	3
128	391	3
128	487	3
128	554	3
128	563	3
128	818	3
128	845	3
128	854	3
128	873	3
128	917	3
129	345	3
131	174	3
131	322	3
131	546	3
131	596	3
131	647	3
131	931	3
132	155	3
132	315	3
135	295	3
135	573	3
135	591	3
135	819	3
136	822	3
137	203	3
137	237	3
137	277	3
137	332	3
137	710	3
138	152	3
138	191	3
138	688	3
138	990	3
139	233	3
139	262	3
139	281	3
139	783	3
140	151	3
140	168	3
140	232	3
140	237	3
140	240	3
140	335	3
140	444	3
140	503	3
140	612	3
140	751	3
140	836	3
140	863	3
140	879	3
140	968	3
142	301	3
142	345	3
142	384	3
142	427	3
142	679	3
143	536	3
143	784	3
146	604	3
146	634	3
148	192	3
148	244	3
148	879	3
150	191	3
150	244	3
150	333	3
150	540	3
150	589	3
150	636	3
151	183	3
152	217	3
152	491	3
152	691	3
152	753	3
152	775	3
153	233	3
153	281	3
153	362	3
153	413	3
153	476	3
153	502	3
155	201	3
155	254	3
155	315	3
155	431	3
155	459	3
155	468	3
155	563	3
159	219	3
159	355	3
159	870	3
159	913	3
163	168	3
163	175	3
163	279	3
168	175	3
168	279	3
168	754	3
168	979	3
172	175	3
172	572	3
172	866	3
174	198	3
174	596	3
174	647	3
174	947	3
175	191	3
175	279	3
175	342	3
175	411	3
175	572	3
175	718	3
175	866	3
175	891	3
178	543	3
178	766	3
179	213	3
179	615	3
180	233	3
180	900	3
183	374	3
190	376	3
191	309	3
191	333	3
191	364	3
191	450	3
191	464	3
191	535	3
191	540	3
191	653	3
191	860	3
191	980	3
192	278	3
192	630	3
197	289	3
197	391	3
198	328	3
198	724	3
201	289	3
201	342	3
201	399	3
201	800	3
201	940	3
203	237	3
203	271	3
203	277	3
203	607	3
203	698	3
204	376	3
204	428	3
204	511	3
204	520	3
204	930	3
204	938	3
206	211	3
206	262	3
206	368	3
206	597	3
206	626	3
206	811	3
209	258	3
209	336	3
209	580	3
209	655	3
209	711	3
210	639	3
210	698	3
211	701	3
213	306	3
217	392	3
217	469	3
217	535	3
217	538	3
217	558	3
217	595	3
217	691	3
217	753	3
219	227	3
219	856	3
226	739	3
227	508	3
227	787	3
227	817	3
228	264	3
228	556	3
228	770	3
229	359	3
229	423	3
231	262	3
231	802	3
232	503	3
233	362	3
236	241	3
236	374	3
236	582	3
239	278	3
239	592	3
239	678	3
240	301	3
240	345	3
240	474	3
240	828	3
241	374	3
241	519	3
241	578	3
241	862	3
241	961	3
243	457	3
243	717	3
244	592	3
244	908	3
245	317	3
245	442	3
246	446	3
246	933	3
253	402	3
254	372	3
254	528	3
254	913	3
256	498	3
257	291	3
257	853	3
257	920	3
258	336	3
258	576	3
258	750	3
258	789	3
262	368	3
262	602	3
262	665	3
262	701	3
263	427	3
264	336	3
264	527	3
264	580	3
268	270	3
268	534	3
268	848	3
268	993	3
270	541	3
270	552	3
270	635	3
270	758	3
270	883	3
270	910	3
270	921	3
271	389	3
271	440	3
271	964	3
274	312	3
274	359	3
274	526	3
275	296	3
275	499	3
275	601	3
275	732	3
277	332	3
277	601	3
277	607	3
277	935	3
277	986	3
279	731	3
279	829	3
281	362	3
286	311	3
286	511	3
286	520	3
286	665	3
286	726	3
288	336	3
288	750	3
289	383	3
289	563	3
289	854	3
291	633	3
291	649	3
291	852	3
291	951	3
295	573	3
295	801	3
295	973	3
296	335	3
296	537	3
300	374	3
300	476	3
300	562	3
301	336	3
301	672	3
304	371	3
306	763	3
306	839	3
309	674	3
309	978	3
312	423	3
312	526	3
312	577	3
312	975	3
317	421	3
317	864	3
321	338	3
321	398	3
322	771	3
324	540	3
324	764	3
326	361	3
326	574	3
327	507	3
327	599	3
328	489	3
328	515	3
328	756	3
328	912	3
332	640	3
332	970	3
333	439	3
333	540	3
333	672	3
335	717	3
335	918	3
335	988	3
336	415	3
336	580	3
336	641	3
336	655	3
336	711	3
336	713	3
336	967	3
336	969	3
338	415	3
340	360	3
340	456	3
340	615	3
342	520	3
342	800	3
344	402	3
344	655	3
344	796	3
345	735	3
345	828	3
345	957	3
345	989	3
350	577	3
350	742	3
350	774	3
350	821	3
355	461	3
359	403	3
359	423	3
360	615	3
361	787	3
361	883	3
362	781	3
362	814	3
362	847	3
364	868	3
366	892	3
368	574	3
368	811	3
369	428	3
371	402	3
371	643	3
374	519	3
374	734	3
374	923	3
376	405	3
376	511	3
379	668	3
379	749	3
379	940	3
380	428	3
380	633	3
383	565	3
383	767	3
384	981	3
389	964	3
391	818	3
392	691	3
399	835	3
399	888	3
402	505	3
402	512	3
402	596	3
405	663	3
408	633	3
408	853	3
410	500	3
410	513	3
410	782	3
411	572	3
411	900	3
412	583	3
412	622	3
412	624	3
412	993	3
417	534	3
417	635	3
428	462	3
428	571	3
428	746	3
428	765	3
428	839	3
428	901	3
428	952	3
428	976	3
431	835	3
439	693	3
440	964	3
442	505	3
442	512	3
442	713	3
442	827	3
444	503	3
444	704	3
444	957	3
444	979	3
446	489	3
450	693	3
451	515	3
451	912	3
456	615	3
457	918	3
463	635	3
469	691	3
471	546	3
471	557	3
471	724	3
475	862	3
476	582	3
487	844	3
489	856	3
495	668	3
495	732	3
499	732	3
499	749	3
505	643	3
505	695	3
505	827	3
507	554	3
508	996	3
510	977	3
512	643	3
518	867	3
519	582	3
523	872	3
524	907	3
528	589	3
534	543	3
535	620	3
535	693	3
536	964	3
538	768	3
542	913	3
552	556	3
552	641	3
558	938	3
562	871	3
563	817	3
565	849	3
567	615	3
567	692	3
576	630	3
578	758	3
583	740	3
585	729	3
585	871	3
591	932	3
592	809	3
592	908	3
595	775	3
596	603	3
597	599	3
597	852	3
597	951	3
599	677	3
602	626	3
603	647	3
615	743	3
620	764	3
622	971	3
624	907	3
633	920	3
636	743	3
643	982	3
647	947	3
647	963	3
651	865	3
663	734	3
674	860	3
677	837	3
688	980	3
695	827	3
697	765	3
718	939	3
726	872	3
727	897	3
731	939	3
735	967	3
740	976	3
742	963	3
746	841	3
754	842	3
754	891	3
757	784	3
757	977	3
768	809	3
770	837	3
774	821	3
793	802	3
793	845	3
794	815	3
795	861	3
795	905	3
801	932	3
811	982	3
819	973	3
841	971	3
842	992	3
849	873	3
864	970	3
868	978	3
869	907	3
869	981	3
872	916	3
892	991	3
901	1000	3
907	921	3
913	933	3
916	931	3
938	992	3
969	986	3
996	997	3
9	36	4
9	127	4
9	164	4
9	300	4
9	432	4
9	471	4
9	929	4
10	29	4
10	33	4
10	562	4
10	577	4
10	585	4
10	626	4
10	700	4
10	845	4
10	879	4
11	258	4
11	555	4
11	615	4
11	774	4
21	39	4
21	68	4
21	77	4
21	100	4
21	114	4
21	210	4
21	249	4
21	263	4
21	281	4
21	395	4
21	567	4
21	619	4
21	682	4
21	877	4
21	880	4
21	998	4
27	97	4
27	244	4
27	283	4
27	494	4
27	532	4
27	617	4
27	952	4
29	38	4
29	131	4
29	253	4
29	369	4
29	375	4
29	833	4
29	927	4
29	962	4
29	965	4
32	386	4
32	460	4
32	468	4
33	825	4
36	194	4
36	699	4
38	118	4
38	157	4
38	246	4
38	934	4
39	93	4
40	52	4
40	77	4
40	121	4
40	187	4
40	189	4
40	210	4
40	226	4
40	246	4
40	257	4
40	283	4
40	321	4
40	339	4
40	375	4
40	519	4
40	536	4
40	586	4
40	666	4
43	225	4
43	302	4
43	314	4
43	824	4
43	990	4
49	504	4
49	601	4
52	77	4
53	178	4
53	194	4
53	206	4
53	465	4
59	413	4
59	705	4
62	225	4
62	302	4
68	100	4
68	114	4
68	567	4
68	666	4
68	822	4
73	503	4
73	799	4
77	246	4
77	258	4
77	314	4
77	336	4
77	396	4
77	434	4
77	465	4
77	538	4
77	655	4
77	666	4
77	754	4
77	839	4
77	893	4
77	907	4
77	925	4
77	967	4
77	985	4
87	316	4
87	503	4
87	754	4
91	585	4
91	958	4
93	880	4
97	283	4
108	160	4
108	447	4
108	466	4
110	249	4
110	428	4
113	217	4
113	386	4
114	210	4
114	315	4
114	567	4
114	877	4
114	912	4
114	998	4
118	157	4
118	187	4
118	206	4
118	246	4
118	661	4
118	705	4
118	848	4
118	923	4
121	348	4
121	359	4
121	614	4
122	217	4
122	367	4
127	743	4
127	753	4
130	724	4
130	840	4
131	382	4
135	139	4
135	563	4
137	386	4
137	624	4
139	220	4
139	386	4
139	468	4
150	176	4
150	239	4
150	386	4
150	466	4
150	624	4
150	636	4
153	197	4
153	246	4
153	279	4
153	413	4
153	849	4
153	910	4
157	246	4
160	466	4
160	479	4
160	957	4
164	675	4
176	609	4
178	471	4
178	566	4
178	839	4
178	873	4
178	929	4
187	666	4
189	519	4
189	666	4
194	249	4
194	375	4
194	724	4
197	592	4
197	910	4
210	395	4
210	862	4
210	933	4
217	503	4
217	571	4
220	625	4
223	328	4
223	598	4
225	246	4
225	290	4
225	302	4
225	314	4
225	473	4
225	622	4
225	633	4
225	637	4
225	783	4
225	811	4
225	824	4
225	828	4
225	856	4
226	321	4
226	666	4
227	314	4
227	811	4
229	382	4
229	701	4
239	312	4
239	386	4
239	624	4
239	865	4
240	246	4
240	263	4
244	283	4
246	375	4
246	519	4
246	592	4
246	637	4
246	661	4
246	666	4
246	792	4
246	831	4
246	909	4
246	923	4
246	934	4
248	359	4
248	614	4
248	842	4
249	481	4
249	839	4
253	369	4
257	666	4
258	555	4
258	615	4
258	619	4
258	735	4
258	774	4
263	281	4
263	862	4
279	413	4
279	705	4
283	289	4
283	479	4
283	494	4
283	532	4
283	615	4
283	617	4
283	952	4
285	382	4
285	583	4
285	701	4
285	837	4
289	864	4
290	302	4
290	601	4
290	622	4
290	637	4
296	387	4
296	529	4
300	753	4
300	929	4
312	386	4
312	460	4
312	531	4
312	609	4
312	624	4
312	751	4
312	865	4
312	909	4
312	974	4
314	504	4
314	601	4
314	633	4
314	637	4
315	933	4
316	503	4
316	571	4
316	807	4
316	907	4
321	666	4
322	825	4
322	831	4
325	328	4
325	493	4
325	977	4
328	431	4
328	569	4
328	722	4
336	396	4
336	967	4
337	386	4
337	624	4
337	973	4
339	666	4
348	359	4
348	518	4
348	713	4
359	518	4
359	798	4
363	445	4
363	896	4
367	815	4
369	375	4
369	529	4
375	386	4
375	529	4
375	598	4
375	833	4
375	848	4
375	962	4
375	965	4
382	583	4
382	701	4
382	837	4
384	585	4
384	615	4
384	958	4
386	460	4
386	624	4
386	636	4
386	659	4
386	669	4
386	676	4
386	710	4
386	865	4
386	876	4
386	973	4
387	583	4
388	490	4
388	666	4
395	998	4
396	985	4
413	809	4
428	514	4
428	743	4
428	839	4
431	569	4
432	743	4
432	753	4
432	929	4
434	666	4
445	979	4
447	466	4
447	479	4
447	498	4
460	563	4
469	473	4
469	783	4
471	743	4
471	929	4
479	498	4
479	905	4
481	873	4
481	998	4
490	666	4
493	569	4
493	977	4
503	799	4
503	815	4
503	896	4
503	979	4
504	828	4
514	753	4
519	586	4
519	666	4
531	625	4
536	666	4
538	655	4
555	564	4
555	615	4
555	662	4
555	735	4
562	626	4
562	642	4
564	615	4
565	849	4
565	925	4
566	743	4
567	615	4
567	822	4
567	912	4
567	998	4
569	722	4
569	990	4
571	754	4
577	831	4
577	845	4
577	879	4
586	666	4
592	705	4
592	809	4
592	925	4
601	783	4
601	856	4
615	662	4
615	735	4
615	774	4
615	810	4
615	827	4
624	710	4
624	851	4
624	876	4
624	907	4
626	642	4
633	811	4
636	669	4
636	676	4
636	751	4
647	783	4
647	856	4
659	853	4
662	774	4
666	778	4
666	893	4
675	753	4
676	851	4
676	853	4
682	862	4
697	700	4
697	831	4
699	929	4
701	837	4
705	804	4
713	842	4
735	774	4
736	754	4
736	807	4
743	897	4
743	929	4
753	839	4
774	810	4
774	827	4
778	804	4
792	974	4
798	864	4
825	831	4
839	929	4
840	873	4
880	998	4
897	929	4
905	957	4
927	962	4
933	998	4
