1	9	1
1	27	1
1	41	1
1	44	1
1	57	1
1	77	1
1	126	1
1	179	1
1	204	1
1	209	1
1	404	1
1	509	1
1	612	1
1	689	1
1	785	1
1	824	1
1	829	1
1	851	1
1	933	1
1	938	1
1	944	1
1	960	1
1	970	1
2	39	1
2	56	1
2	93	1
2	129	1
2	173	1
2	192	1
2	208	1
2	274	1
2	323	1
2	362	1
2	375	1
2	379	1
2	415	1
2	451	1
2	536	1
2	607	1
2	651	1
2	661	1
2	680	1
2	705	1
2	763	1
2	855	1
2	924	1
3	18	1
3	46	1
3	52	1
3	53	1
3	73	1
3	93	1
3	99	1
3	101	1
3	202	1
3	321	1
3	353	1
3	384	1
3	462	1
3	468	1
3	479	1
3	649	1
3	710	1
3	780	1
3	783	1
3	936	1
3	957	1
4	8	1
4	14	1
4	48	1
4	50	1
4	58	1
4	82	1
4	170	1
4	171	1
4	177	1
4	229	1
4	273	1
4	515	1
4	549	1
4	553	1
4	606	1
4	746	1
4	816	1
4	849	1
4	914	1
4	950	1
5	7	1
5	31	1
5	40	1
5	105	1
5	143	1
5	172	1
5	201	1
5	210	1
5	219	1
5	225	1
5	314	1
5	429	1
5	548	1
5	772	1
5	811	1
5	821	1
5	853	1
5	873	1
5	920	1
5	994	1
6	34	1
6	38	1
6	47	1
6	54	1
6	99	1
6	287	1
6	302	1
6	423	1
6	517	1
6	544	1
6	561	1
6	592	1
6	665	1
6	690	1
6	710	1
6	913	1
6	975	1
6	981	1
6	997	1
7	164	1
7	178	1
7	208	1
7	215	1
7	264	1
7	269	1
7	281	1
7	282	1
7	505	1
7	625	1
7	655	1
7	676	1
7	682	1
7	688	1
7	765	1
7	780	1
7	854	1
8	13	1
8	20	1
8	85	1
8	104	1
8	113	1
8	154	1
8	171	1
8	210	1
8	241	1
8	259	1
8	299	1
8	434	1
8	527	1
8	735	1
8	806	1
8	863	1
9	57	1
9	65	1
9	111	1
9	166	1
9	170	1
9	243	1
9	312	1
9	330	1
9	334	1
9	345	1
9	351	1
9	397	1
9	768	1
9	839	1
9	971	1
9	981	1
10	16	1
10	21	1
10	27	1
10	47	1
10	49	1
10	125	1
10	153	1
10	221	1
10	254	1
10	305	1
10	315	1
10	366	1
10	377	1
10	405	1
10	640	1
10	789	1
10	823	1
11	59	1
11	112	1
11	144	1
11	189	1
11	190	1
11	220	1
11	224	1
11	283	1
11	391	1
11	401	1
11	445	1
11	514	1
11	635	1
11	674	1
11	805	1
11	869	1
11	892	1
12	67	1
12	218	1
12	272	1
12	276	1
12	366	1
12	445	1
12	447	1
12	608	1
12	618	1
12	630	1
12	647	1
12	687	1
12	738	1
12	758	1
12	888	1
12	911	1
13	20	1
13	38	1
13	85	1
13	108	1
13	113	1
13	171	1
13	190	1
13	241	1
13	248	1
13	259	1
13	438	1
13	761	1
13	777	1
13	794	1
13	1000	1
14	72	1
14	146	1
14	310	1
14	424	1
14	432	1
14	635	1
14	661	1
14	677	1
14	699	1
14	701	1
14	719	1
14	743	1
14	758	1
14	844	1
15	96	1
15	122	1
15	161	1
15	164	1
15	232	1
15	502	1
15	588	1
15	633	1
15	644	1
15	689	1
15	721	1
15	739	1
15	742	1
15	834	1
15	875	1
16	21	1
16	27	1
16	47	1
16	49	1
16	156	1
16	211	1
16	228	1
16	315	1
16	329	1
16	453	1
16	487	1
16	499	1
16	532	1
16	642	1
17	63	1
17	66	1
17	104	1
17	116	1
17	119	1
17	155	1
17	252	1
17	271	1
17	320	1
17	526	1
17	549	1
17	693	1
17	708	1
17	835	1
17	937	1
18	19	1
18	209	1
18	222	1
18	251	1
18	367	1
18	512	1
18	557	1
18	579	1
18	584	1
18	620	1
18	748	1
18	814	1
18	871	1
18	896	1
19	31	1
19	206	1
19	209	1
19	222	1
19	241	1
19	344	1
19	512	1
19	557	1
19	562	1
19	620	1
19	627	1
19	727	1
19	832	1
19	896	1
20	22	1
20	26	1
20	85	1
20	113	1
20	159	1
20	171	1
20	210	1
20	213	1
20	248	1
20	299	1
20	576	1
20	761	1
21	27	1
21	47	1
21	49	1
21	58	1
21	74	1
21	221	1
21	377	1
21	430	1
21	493	1
21	591	1
21	634	1
21	711	1
22	28	1
22	47	1
22	130	1
22	273	1
22	408	1
22	428	1
22	484	1
22	546	1
22	666	1
22	705	1
22	706	1
22	925	1
22	995	1
23	39	1
23	73	1
23	87	1
23	95	1
23	157	1
23	246	1
23	295	1
23	436	1
23	478	1
23	579	1
23	636	1
23	643	1
23	721	1
23	749	1
24	26	1
24	68	1
24	161	1
24	184	1
24	196	1
24	197	1
24	237	1
24	257	1
24	466	1
24	671	1
24	770	1
24	797	1
24	802	1
24	882	1
25	58	1
25	78	1
25	125	1
25	165	1
25	250	1
25	449	1
25	497	1
25	611	1
25	621	1
25	691	1
25	737	1
25	760	1
25	826	1
25	931	1
26	68	1
26	129	1
26	151	1
26	155	1
26	184	1
26	196	1
26	197	1
26	558	1
26	770	1
26	797	1
26	873	1
27	47	1
27	49	1
27	85	1
27	153	1
27	156	1
27	211	1
27	221	1
27	453	1
27	993	1
28	88	1
28	101	1
28	152	1
28	169	1
28	308	1
28	321	1
28	383	1
28	448	1
28	564	1
28	569	1
28	744	1
28	754	1
29	62	1
29	138	1
29	141	1
29	200	1
29	234	1
29	293	1
29	370	1
29	420	1
29	576	1
29	714	1
29	736	1
29	872	1
29	898	1
30	44	1
30	83	1
30	96	1
30	106	1
30	108	1
30	261	1
30	262	1
30	279	1
30	291	1
30	312	1
30	362	1
30	444	1
30	535	1
31	40	1
31	105	1
31	121	1
31	413	1
31	526	1
31	534	1
31	556	1
31	573	1
31	769	1
31	821	1
31	858	1
32	84	1
32	100	1
32	106	1
32	118	1
32	141	1
32	216	1
32	219	1
32	315	1
32	341	1
32	653	1
32	813	1
32	940	1
33	75	1
33	90	1
33	108	1
33	110	1
33	154	1
33	228	1
33	240	1
33	255	1
33	286	1
33	292	1
33	420	1
33	949	1
34	146	1
34	257	1
34	268	1
34	443	1
34	452	1
34	628	1
34	697	1
34	707	1
34	953	1
34	962	1
35	136	1
35	180	1
35	185	1
35	235	1
35	358	1
35	501	1
35	529	1
35	585	1
35	809	1
35	815	1
35	900	1
36	41	1
36	45	1
36	150	1
36	166	1
36	181	1
36	490	1
36	525	1
36	663	1
36	729	1
36	951	1
36	969	1
37	46	1
37	51	1
37	70	1
37	80	1
37	159	1
37	244	1
37	307	1
37	446	1
37	852	1
37	976	1
37	987	1
38	147	1
38	172	1
38	176	1
38	182	1
38	247	1
38	376	1
38	879	1
38	952	1
38	999	1
39	56	1
39	102	1
39	129	1
39	173	1
39	379	1
39	384	1
39	489	1
39	695	1
39	702	1
40	61	1
40	105	1
40	142	1
40	143	1
40	219	1
40	769	1
40	805	1
40	824	1
40	994	1
41	135	1
41	181	1
41	194	1
41	592	1
41	631	1
41	663	1
41	729	1
41	732	1
41	859	1
42	64	1
42	97	1
42	112	1
42	415	1
42	426	1
42	437	1
42	650	1
42	652	1
42	671	1
42	781	1
42	785	1
43	61	1
43	107	1
43	117	1
43	158	1
43	236	1
43	422	1
43	575	1
43	693	1
43	733	1
43	865	1
43	877	1
44	74	1
44	77	1
44	126	1
44	169	1
44	204	1
44	394	1
44	571	1
44	600	1
44	851	1
45	102	1
45	231	1
45	266	1
45	298	1
45	368	1
45	454	1
45	524	1
45	641	1
45	848	1
45	904	1
46	51	1
46	70	1
46	103	1
46	159	1
46	396	1
46	463	1
46	580	1
46	898	1
46	988	1
47	156	1
47	254	1
47	318	1
47	385	1
47	711	1
48	164	1
48	215	1
48	264	1
48	269	1
48	281	1
48	460	1
48	655	1
48	676	1
48	767	1
48	929	1
49	211	1
49	292	1
49	324	1
49	326	1
49	430	1
49	786	1
49	823	1
50	177	1
50	187	1
50	301	1
50	525	1
50	606	1
50	627	1
50	668	1
50	734	1
50	950	1
51	69	1
51	89	1
51	103	1
51	109	1
51	262	1
51	446	1
51	506	1
51	542	1
52	60	1
52	89	1
52	165	1
52	392	1
52	495	1
52	528	1
52	704	1
52	722	1
52	874	1
53	56	1
53	92	1
53	110	1
53	328	1
53	335	1
53	369	1
53	442	1
53	819	1
53	842	1
54	81	1
54	456	1
54	477	1
54	481	1
54	544	1
54	593	1
54	752	1
54	776	1
54	786	1
55	79	1
55	95	1
55	120	1
55	186	1
55	337	1
55	533	1
55	759	1
55	816	1
55	844	1
55	990	1
56	129	1
56	173	1
56	248	1
56	419	1
56	451	1
56	695	1
56	880	1
57	65	1
57	170	1
57	243	1
57	334	1
57	351	1
57	386	1
57	554	1
57	820	1
58	78	1
58	125	1
58	250	1
58	280	1
58	309	1
58	691	1
58	760	1
59	144	1
59	190	1
59	409	1
59	417	1
59	445	1
59	582	1
59	846	1
59	869	1
59	889	1
60	156	1
60	392	1
60	417	1
60	452	1
60	495	1
60	658	1
60	704	1
60	722	1
60	890	1
61	107	1
61	117	1
61	127	1
61	167	1
61	363	1
61	575	1
61	626	1
61	864	1
62	138	1
62	141	1
62	175	1
62	450	1
62	516	1
62	798	1
62	808	1
62	878	1
63	66	1
63	69	1
63	104	1
63	116	1
63	155	1
63	282	1
63	757	1
63	922	1
64	153	1
64	195	1
64	614	1
64	674	1
64	685	1
64	827	1
64	897	1
64	901	1
65	267	1
65	330	1
65	397	1
65	412	1
65	492	1
65	615	1
65	971	1
66	104	1
66	116	1
66	119	1
66	529	1
66	757	1
66	763	1
66	817	1
67	68	1
67	152	1
67	218	1
67	272	1
67	276	1
67	608	1
67	618	1
67	911	1
68	184	1
68	196	1
68	197	1
68	466	1
68	558	1
68	978	1
69	373	1
69	402	1
69	404	1
69	435	1
69	519	1
69	681	1
69	703	1
70	89	1
70	163	1
70	224	1
70	278	1
70	396	1
70	541	1
70	605	1
71	118	1
71	135	1
71	142	1
71	167	1
71	339	1
71	354	1
71	394	1
71	485	1
71	498	1
72	77	1
72	146	1
72	432	1
72	447	1
72	699	1
72	701	1
72	827	1
72	902	1
73	95	1
73	157	1
73	624	1
73	771	1
73	888	1
73	905	1
73	989	1
74	242	1
74	349	1
74	365	1
74	480	1
74	910	1
74	935	1
75	131	1
75	149	1
75	207	1
75	270	1
75	331	1
75	503	1
75	583	1
76	136	1
76	229	1
76	260	1
76	318	1
76	343	1
76	395	1
76	673	1
76	782	1
77	126	1
77	204	1
77	634	1
77	933	1
77	944	1
78	165	1
78	233	1
78	621	1
78	737	1
78	826	1
78	857	1
79	120	1
79	127	1
79	186	1
79	459	1
79	600	1
79	739	1
79	834	1
80	172	1
80	174	1
80	324	1
80	401	1
80	469	1
80	570	1
80	894	1
81	303	1
81	333	1
81	477	1
81	538	1
81	587	1
81	752	1
81	974	1
82	266	1
82	284	1
82	298	1
82	472	1
82	505	1
82	521	1
82	764	1
83	96	1
83	231	1
83	262	1
83	279	1
83	359	1
83	431	1
83	619	1
84	118	1
84	142	1
84	275	1
84	340	1
84	341	1
84	884	1
84	893	1
85	113	1
85	171	1
85	248	1
85	777	1
86	140	1
86	158	1
86	254	1
86	378	1
86	421	1
86	713	1
86	908	1
86	963	1
87	88	1
87	101	1
87	169	1
87	174	1
87	564	1
87	733	1
87	837	1
88	152	1
88	169	1
88	200	1
88	340	1
88	518	1
88	591	1
89	115	1
89	159	1
89	294	1
89	347	1
89	987	1
90	122	1
90	161	1
90	217	1
90	232	1
90	648	1
90	720	1
90	742	1
91	256	1
91	300	1
91	301	1
91	376	1
91	434	1
91	562	1
91	741	1
91	840	1
92	184	1
92	328	1
92	335	1
92	442	1
92	481	1
92	527	1
92	660	1
93	296	1
93	398	1
93	566	1
93	775	1
93	828	1
93	932	1
94	233	1
94	234	1
94	382	1
94	501	1
94	561	1
94	599	1
94	804	1
94	984	1
95	157	1
95	436	1
95	482	1
95	675	1
96	223	1
96	291	1
96	359	1
96	444	1
97	106	1
97	142	1
97	354	1
97	490	1
97	511	1
97	923	1
98	133	1
98	182	1
98	416	1
98	554	1
98	632	1
98	679	1
98	779	1
99	259	1
99	423	1
99	517	1
99	801	1
99	916	1
100	118	1
100	354	1
100	394	1
100	441	1
100	485	1
100	893	1
101	133	1
101	152	1
101	169	1
101	361	1
102	160	1
102	205	1
102	743	1
102	745	1
102	795	1
103	224	1
103	244	1
103	589	1
103	622	1
103	841	1
104	155	1
104	429	1
104	657	1
105	120	1
105	201	1
105	314	1
105	406	1
106	400	1
106	560	1
106	813	1
106	940	1
107	117	1
107	158	1
107	167	1
107	907	1
107	931	1
108	154	1
108	227	1
108	331	1
108	686	1
109	224	1
109	235	1
109	244	1
109	278	1
109	294	1
109	856	1
110	154	1
110	270	1
110	503	1
110	548	1
110	790	1
111	239	1
111	288	1
111	311	1
111	488	1
111	539	1
112	212	1
112	417	1
112	540	1
112	762	1
113	456	1
113	1000	1
114	234	1
114	358	1
114	389	1
114	537	1
114	667	1
114	822	1
115	396	1
115	506	1
115	843	1
115	928	1
115	942	1
116	271	1
116	320	1
116	860	1
117	122	1
117	807	1
117	877	1
118	390	1
118	923	1
119	155	1
119	192	1
119	271	1
119	937	1
120	127	1
120	238	1
120	610	1
121	147	1
121	314	1
121	534	1
121	573	1
121	677	1
122	574	1
122	720	1
122	855	1
123	196	1
123	198	1
123	237	1
123	290	1
123	387	1
123	891	1
124	137	1
124	187	1
124	304	1
124	418	1
124	801	1
124	939	1
125	309	1
125	449	1
125	497	1
126	379	1
126	612	1
126	970	1
127	238	1
127	336	1
127	765	1
128	168	1
128	199	1
128	263	1
128	598	1
128	845	1
128	859	1
129	192	1
129	489	1
130	273	1
130	368	1
130	408	1
130	666	1
130	995	1
131	145	1
131	247	1
131	342	1
131	684	1
131	800	1
132	148	1
132	182	1
132	319	1
132	440	1
132	498	1
132	645	1
133	214	1
133	483	1
133	645	1
133	899	1
134	253	1
134	326	1
134	411	1
134	413	1
134	455	1
134	613	1
135	150	1
135	166	1
135	181	1
135	194	1
136	180	1
136	235	1
136	723	1
136	829	1
137	143	1
137	187	1
137	658	1
137	688	1
137	725	1
138	141	1
138	243	1
138	736	1
138	915	1
139	372	1
139	380	1
139	787	1
139	799	1
139	850	1
139	882	1
140	179	1
140	316	1
140	378	1
140	560	1
140	713	1
141	460	1
141	754	1
142	755	1
142	968	1
143	219	1
143	402	1
143	475	1
144	189	1
144	212	1
144	419	1
144	604	1
145	147	1
145	176	1
145	300	1
145	324	1
145	800	1
146	310	1
146	447	1
146	902	1
147	342	1
147	434	1
147	469	1
148	260	1
148	322	1
148	348	1
148	698	1
148	728	1
149	265	1
149	306	1
149	508	1
149	730	1
149	904	1
150	181	1
150	194	1
150	261	1
150	631	1
151	332	1
151	427	1
151	474	1
151	692	1
151	700	1
152	180	1
152	837	1
153	385	1
153	496	1
153	551	1
154	286	1
156	305	1
157	295	1
157	605	1
158	572	1
158	927	1
159	928	1
160	205	1
160	284	1
160	385	1
160	745	1
161	588	1
161	633	1
162	297	1
162	399	1
162	726	1
162	773	1
162	947	1
163	215	1
163	264	1
163	282	1
163	625	1
164	357	1
164	967	1
165	280	1
165	857	1
166	791	1
166	942	1
167	572	1
167	590	1
168	263	1
168	370	1
168	609	1
168	956	1
170	820	1
170	825	1
172	174	1
172	912	1
173	716	1
173	878	1
174	570	1
174	999	1
175	200	1
175	203	1
175	450	1
175	653	1
176	300	1
176	347	1
176	952	1
177	307	1
177	595	1
177	668	1
178	269	1
178	281	1
178	552	1
178	682	1
179	316	1
179	908	1
179	963	1
180	659	1
180	918	1
181	214	1
182	245	1
182	921	1
183	352	1
183	582	1
183	629	1
183	707	1
183	870	1
184	802	1
185	204	1
185	235	1
185	358	1
185	659	1
186	443	1
186	568	1
186	930	1
187	577	1
187	654	1
188	433	1
188	792	1
188	887	1
188	954	1
188	966	1
189	305	1
189	391	1
189	461	1
190	283	1
190	438	1
191	202	1
191	346	1
191	439	1
191	509	1
191	597	1
192	375	1
192	536	1
193	317	1
193	860	1
193	906	1
193	991	1
193	997	1
194	728	1
194	934	1
195	294	1
195	685	1
195	740	1
197	839	1
198	237	1
198	338	1
198	496	1
199	500	1
199	715	1
199	756	1
200	285	1
201	959	1
201	980	1
202	346	1
202	439	1
203	467	1
203	596	1
203	909	1
205	223	1
205	368	1
206	367	1
206	727	1
206	832	1
207	331	1
207	508	1
207	581	1
208	384	1
208	716	1
209	344	1
210	299	1
211	499	1
212	220	1
212	461	1
213	265	1
213	623	1
213	790	1
214	348	1
214	483	1
215	806	1
216	339	1
216	387	1
216	400	1
217	232	1
217	322	1
217	989	1
218	510	1
218	514	1
220	270	1
220	945	1
221	453	1
222	584	1
222	712	1
223	261	1
223	312	1
225	811	1
225	972	1
225	980	1
226	405	1
226	602	1
226	700	1
226	788	1
227	686	1
227	796	1
227	803	1
228	845	1
228	968	1
229	355	1
229	550	1
230	403	1
230	850	1
230	895	1
230	957	1
231	266	1
231	641	1
232	322	1
233	382	1
233	516	1
234	847	1
236	337	1
236	422	1
236	552	1
237	290	1
238	459	1
238	766	1
239	297	1
239	407	1
239	773	1
240	313	1
240	476	1
240	828	1
241	259	1
242	365	1
242	381	1
242	709	1
243	825	1
244	425	1
245	319	1
245	484	1
245	881	1
246	624	1
246	636	1
246	771	1
247	323	1
247	979	1
249	555	1
249	725	1
249	751	1
249	784	1
250	449	1
250	932	1
251	256	1
251	879	1
251	954	1
252	306	1
252	926	1
252	943	1
253	275	1
253	747	1
253	778	1
254	640	1
255	270	1
255	581	1
255	867	1
256	342	1
256	578	1
257	903	1
257	962	1
258	317	1
258	458	1
258	470	1
258	991	1
260	601	1
260	664	1
261	471	1
262	359	1
263	571	1
263	672	1
264	360	1
265	304	1
265	623	1
266	425	1
267	541	1
267	589	1
267	856	1
268	532	1
268	692	1
268	909	1
269	520	1
271	597	1
272	366	1
272	510	1
273	925	1
274	377	1
274	451	1
274	457	1
275	339	1
275	731	1
276	327	1
276	531	1
277	360	1
277	398	1
277	410	1
277	812	1
278	392	1
278	883	1
279	535	1
279	810	1
280	609	1
280	831	1
281	291	1
282	929	1
283	401	1
283	667	1
284	428	1
284	521	1
285	460	1
285	670	1
286	583	1
287	665	1
287	768	1
288	580	1
288	863	1
289	440	1
289	538	1
289	622	1
290	338	1
292	420	1
293	371	1
293	543	1
295	382	1
296	424	1
296	675	1
297	959	1
298	454	1
301	867	1
302	361	1
302	913	1
303	476	1
303	491	1
304	418	1
306	751	1
307	347	1
308	340	1
308	694	1
309	831	1
310	313	1
311	504	1
311	601	1
313	961	1
316	694	1
317	458	1
318	430	1
319	766	1
320	922	1
321	958	1
323	680	1
325	433	1
325	887	1
325	890	1
326	993	1
327	465	1
327	717	1
328	819	1
329	943	1
329	977	1
330	334	1
332	427	1
332	474	1
333	776	1
333	996	1
335	660	1
336	389	1
336	459	1
337	930	1
338	387	1
341	511	1
343	615	1
343	986	1
344	814	1
345	412	1
345	487	1
346	678	1
348	416	1
349	414	1
349	836	1
350	393	1
350	507	1
350	717	1
351	412	1
352	374	1
352	586	1
353	479	1
353	574	1
355	547	1
355	550	1
356	678	1
356	818	1
356	982	1
357	912	1
357	967	1
360	948	1
361	744	1
362	431	1
363	422	1
363	590	1
364	441	1
364	585	1
364	793	1
365	371	1
367	868	1
369	410	1
369	442	1
370	596	1
371	808	1
372	741	1
372	886	1
373	703	1
373	750	1
374	774	1
374	876	1
375	778	1
376	462	1
378	421	1
380	390	1
380	724	1
381	388	1
381	617	1
383	450	1
383	656	1
386	416	1
386	921	1
388	414	1
388	838	1
389	409	1
390	886	1
391	985	1
393	465	1
393	494	1
395	559	1
395	673	1
397	492	1
398	775	1
399	841	1
399	843	1
400	854	1
402	519	1
403	647	1
403	926	1
404	868	1
405	788	1
406	556	1
406	920	1
407	486	1
407	947	1
408	919	1
409	670	1
410	866	1
411	413	1
411	884	1
414	593	1
415	500	1
418	939	1
419	607	1
421	520	1
423	975	1
424	862	1
425	454	1
426	437	1
426	652	1
427	978	1
428	472	1
429	475	1
431	958	1
432	522	1
433	876	1
435	530	1
435	662	1
436	696	1
437	916	1
438	833	1
439	955	1
440	632	1
441	815	1
443	982	1
444	735	1
446	883	1
448	518	1
448	924	1
452	628	1
455	613	1
455	990	1
456	587	1
457	651	1
457	702	1
458	906	1
461	889	1
463	542	1
464	616	1
464	899	1
467	907	1
468	783	1
470	919	1
471	881	1
473	750	1
473	846	1
478	793	1
480	709	1
482	643	1
486	567	1
488	696	1
491	565	1
493	530	1
494	594	1
502	644	1
504	637	1
507	594	1
513	792	1
513	992	1
515	734	1
522	617	1
523	569	1
523	830	1
524	687	1
528	858	1
531	738	1
533	610	1
537	755	1
539	637	1
540	789	1
543	917	1
545	723	1
545	998	1
546	706	1
547	712	1
551	642	1
553	849	1
555	577	1
559	782	1
563	864	1
563	927	1
565	862	1
566	812	1
567	726	1
568	852	1
578	979	1
586	973	1
595	698	1
598	767	1
599	772	1
602	791	1
603	803	1
603	838	1
604	985	1
611	669	1
614	740	1
616	935	1
619	732	1
626	807	1
629	774	1
630	718	1
638	669	1
638	747	1
639	664	1
639	986	1
646	809	1
646	998	1
648	795	1
649	870	1
650	885	1
654	784	1
656	714	1
657	708	1
662	681	1
672	715	1
679	779	1
683	936	1
683	983	1
684	865	1
690	880	1
697	951	1
718	917	1
719	948	1
724	984	1
730	964	1
731	830	1
746	960	1
748	871	1
749	905	1
753	918	1
753	972	1
756	956	1
759	804	1
762	781	1
764	848	1
787	799	1
794	966	1
796	964	1
798	872	1
810	910	1
817	988	1
818	955	1
822	861	1
833	965	1
835	941	1
836	903	1
840	894	1
842	891	1
847	861	1
853	983	1
866	938	1
874	897	1
875	946	1
885	892	1
895	977	1
900	946	1
901	941	1
914	949	1
915	961	1
934	969	1
945	965	1
953	992	1
973	976	1
974	996	1
1	9	2
1	57	2
1	254	2
1	458	2
1	496	2
2	37	2
2	46	2
2	67	2
2	70	2
2	115	2
2	146	2
2	157	2
2	164	2
2	307	2
2	455	2
2	589	2
2	856	2
2	988	2
3	73	2
3	100	2
3	253	2
3	399	2
3	408	2
3	504	2
3	545	2
3	705	2
3	769	2
3	972	2
3	995	2
4	48	2
4	78	2
4	88	2
4	115	2
4	183	2
4	193	2
4	202	2
4	238	2
4	250	2
4	525	2
4	606	2
4	627	2
4	668	2
4	737	2
4	831	2
4	851	2
5	22	2
5	105	2
5	120	2
5	187	2
5	225	2
5	573	2
5	805	2
7	15	2
7	73	2
7	135	2
7	164	2
7	358	2
7	616	2
7	625	2
7	854	2
8	15	2
8	25	2
8	171	2
8	205	2
8	221	2
8	231	2
8	291	2
8	298	2
8	400	2
8	425	2
8	431	2
8	556	2
8	575	2
8	875	2
9	16	2
9	47	2
9	77	2
9	78	2
9	80	2
9	156	2
9	243	2
9	254	2
9	330	2
9	334	2
9	430	2
9	434	2
9	960	2
10	21	2
10	49	2
10	110	2
10	124	2
10	246	2
10	326	2
10	385	2
10	390	2
10	453	2
10	493	2
10	499	2
10	786	2
10	980	2
10	993	2
11	112	2
11	113	2
11	212	2
11	441	2
13	32	2
13	68	2
13	777	2
13	794	2
15	25	2
15	124	2
15	205	2
15	226	2
15	231	2
15	261	2
15	298	2
15	521	2
15	568	2
15	600	2
15	875	2
16	156	2
16	330	2
16	698	2
18	95	2
18	197	2
18	246	2
18	295	2
18	337	2
18	356	2
18	436	2
18	503	2
18	541	2
18	579	2
18	636	2
18	718	2
18	907	2
18	971	2
18	998	2
20	32	2
20	48	2
20	68	2
20	71	2
20	210	2
20	314	2
20	316	2
20	327	2
20	350	2
20	417	2
20	466	2
20	494	2
20	507	2
20	558	2
20	577	2
21	49	2
21	221	2
21	326	2
21	331	2
21	385	2
21	487	2
21	493	2
21	494	2
21	499	2
21	980	2
22	102	2
22	105	2
22	114	2
22	138	2
22	213	2
22	225	2
22	484	2
22	667	2
22	821	2
22	824	2
22	853	2
23	87	2
23	130	2
23	340	2
23	461	2
23	643	2
23	833	2
23	976	2
24	32	2
24	48	2
24	183	2
24	494	2
25	205	2
25	223	2
25	535	2
25	931	2
26	76	2
26	260	2
26	267	2
26	302	2
26	395	2
26	482	2
26	639	2
26	664	2
28	101	2
28	169	2
28	290	2
28	308	2
28	321	2
28	510	2
28	697	2
29	72	2
29	138	2
29	285	2
29	370	2
29	543	2
31	79	2
31	122	2
31	228	2
31	553	2
31	638	2
31	739	2
31	864	2
32	48	2
32	84	2
32	135	2
32	216	2
32	314	2
32	327	2
32	350	2
32	682	2
32	765	2
33	110	2
33	129	2
33	227	2
33	231	2
33	292	2
33	471	2
34	43	2
34	85	2
34	158	2
34	186	2
34	261	2
34	532	2
34	697	2
34	732	2
34	922	2
34	990	2
37	80	2
37	115	2
37	130	2
37	156	2
37	157	2
37	159	2
37	224	2
37	270	2
37	307	2
37	347	2
37	396	2
37	455	2
37	463	2
37	589	2
37	605	2
37	700	2
37	852	2
37	928	2
38	62	2
38	74	2
38	145	2
38	147	2
38	172	2
38	239	2
38	242	2
38	256	2
38	301	2
38	362	2
38	407	2
38	543	2
38	657	2
38	726	2
38	754	2
38	954	2
39	56	2
39	101	2
39	173	2
39	183	2
39	538	2
39	691	2
39	695	2
42	160	2
42	452	2
42	703	2
42	781	2
43	62	2
43	117	2
43	158	2
43	186	2
43	336	2
43	419	2
43	563	2
43	669	2
43	693	2
43	732	2
43	878	2
43	895	2
44	345	2
44	490	2
44	568	2
44	772	2
44	979	2
44	999	2
46	57	2
46	115	2
46	224	2
47	57	2
47	80	2
47	345	2
47	430	2
47	484	2
48	71	2
48	101	2
48	234	2
48	343	2
48	390	2
48	507	2
48	577	2
48	921	2
49	77	2
49	78	2
49	326	2
49	773	2
49	786	2
50	67	2
50	209	2
50	366	2
50	375	2
51	57	2
51	196	2
51	257	2
51	289	2
51	388	2
51	437	2
51	456	2
51	481	2
51	555	2
51	593	2
51	598	2
51	776	2
51	799	2
51	974	2
55	111	2
55	244	2
55	351	2
55	580	2
55	636	2
55	860	2
56	173	2
56	307	2
56	414	2
56	439	2
56	489	2
56	522	2
56	538	2
56	927	2
57	77	2
57	80	2
57	89	2
57	156	2
57	254	2
57	315	2
57	334	2
57	554	2
57	711	2
58	323	2
58	348	2
58	416	2
58	595	2
58	701	2
59	219	2
59	225	2
59	234	2
59	354	2
59	417	2
59	524	2
59	622	2
59	789	2
59	813	2
59	923	2
59	940	2
60	123	2
60	392	2
60	495	2
60	688	2
60	704	2
60	731	2
60	841	2
61	62	2
61	186	2
61	336	2
61	823	2
61	990	2
62	984	2
65	138	2
65	144	2
65	243	2
65	471	2
65	586	2
65	864	2
66	124	2
66	155	2
66	526	2
66	708	2
67	86	2
67	165	2
67	209	2
67	309	2
67	330	2
67	352	2
67	366	2
67	375	2
67	405	2
67	557	2
67	562	2
67	584	2
67	608	2
67	618	2
67	630	2
67	707	2
67	774	2
67	834	2
67	848	2
67	941	2
68	71	2
68	198	2
68	208	2
68	671	2
69	166	2
69	213	2
69	263	2
69	403	2
69	957	2
70	115	2
70	931	2
71	76	2
71	135	2
71	210	2
71	466	2
71	802	2
72	141	2
72	158	2
72	179	2
72	243	2
72	285	2
72	294	2
72	370	2
72	383	2
73	185	2
73	625	2
74	147	2
74	243	2
74	301	2
74	613	2
75	135	2
75	149	2
75	331	2
75	432	2
76	132	2
76	229	2
76	260	2
76	278	2
76	395	2
76	559	2
76	639	2
76	664	2
76	782	2
76	930	2
77	80	2
77	254	2
78	183	2
78	202	2
78	272	2
78	297	2
78	746	2
78	831	2
79	122	2
79	135	2
79	327	2
79	540	2
79	553	2
79	626	2
79	739	2
79	800	2
79	897	2
80	820	2
83	96	2
83	134	2
83	226	2
83	231	2
83	261	2
83	298	2
83	488	2
83	955	2
84	210	2
84	619	2
84	802	2
84	840	2
85	117	2
85	158	2
85	922	2
86	165	2
86	254	2
86	309	2
86	562	2
87	415	2
87	771	2
87	833	2
87	905	2
87	989	2
88	101	2
88	116	2
88	412	2
88	694	2
88	902	2
89	135	2
89	166	2
89	194	2
89	195	2
89	942	2
90	146	2
90	242	2
90	561	2
90	753	2
93	135	2
93	260	2
93	277	2
93	296	2
93	318	2
93	413	2
93	503	2
93	603	2
93	675	2
93	823	2
93	948	2
95	146	2
95	246	2
95	998	2
96	111	2
96	238	2
96	244	2
96	759	2
97	113	2
97	118	2
97	491	2
97	498	2
98	109	2
98	126	2
98	135	2
98	138	2
98	244	2
98	356	2
98	439	2
98	563	2
98	581	2
98	597	2
98	994	2
100	154	2
100	192	2
100	253	2
100	264	2
100	368	2
100	408	2
100	468	2
100	748	2
100	908	2
101	116	2
101	133	2
101	169	2
101	218	2
101	308	2
101	387	2
101	412	2
101	427	2
101	448	2
101	512	2
101	523	2
101	531	2
101	549	2
101	620	2
101	694	2
101	734	2
101	781	2
101	815	2
101	871	2
101	888	2
102	105	2
102	120	2
102	121	2
102	508	2
102	534	2
102	539	2
102	556	2
102	573	2
102	667	2
102	784	2
102	824	2
102	853	2
102	858	2
102	983	2
104	391	2
104	693	2
104	937	2
104	950	2
105	120	2
105	539	2
105	805	2
109	124	2
109	187	2
109	249	2
109	795	2
109	934	2
110	113	2
110	129	2
110	141	2
110	227	2
110	269	2
110	292	2
110	583	2
110	730	2
110	745	2
110	960	2
111	244	2
112	118	2
112	129	2
112	212	2
112	830	2
113	234	2
113	560	2
114	769	2
114	811	2
115	396	2
115	751	2
115	928	2
116	218	2
116	386	2
117	877	2
118	212	2
119	192	2
119	332	2
119	384	2
119	844	2
121	214	2
121	534	2
121	858	2
122	626	2
123	130	2
123	138	2
123	146	2
123	154	2
123	178	2
123	191	2
123	196	2
123	243	2
123	257	2
123	284	2
123	290	2
123	309	2
123	368	2
123	420	2
123	428	2
123	454	2
123	581	2
123	848	2
123	872	2
124	187	2
124	216	2
124	252	2
124	318	2
124	341	2
124	410	2
124	654	2
124	784	2
124	795	2
126	414	2
126	633	2
127	301	2
127	333	2
127	652	2
127	749	2
128	265	2
128	571	2
128	607	2
128	767	2
128	968	2
129	339	2
129	730	2
129	979	2
130	368	2
132	182	2
132	214	2
132	219	2
132	323	2
132	386	2
133	182	2
133	219	2
133	294	2
133	310	2
133	404	2
133	632	2
134	758	2
134	884	2
134	987	2
135	166	2
135	194	2
135	195	2
135	358	2
135	501	2
135	570	2
135	592	2
135	666	2
135	740	2
135	791	2
135	859	2
135	900	2
135	938	2
135	942	2
135	951	2
135	962	2
138	169	2
138	243	2
138	271	2
138	348	2
138	471	2
138	516	2
138	745	2
138	768	2
138	901	2
138	981	2
141	179	2
141	285	2
142	232	2
142	391	2
142	628	2
143	170	2
143	323	2
143	462	2
143	490	2
144	340	2
144	461	2
144	917	2
145	239	2
145	608	2
145	839	2
146	148	2
146	319	2
146	371	2
146	561	2
146	576	2
146	631	2
146	699	2
146	710	2
146	743	2
146	758	2
146	778	2
146	779	2
146	798	2
146	884	2
146	913	2
146	925	2
146	972	2
146	987	2
147	256	2
147	301	2
147	469	2
147	480	2
147	522	2
148	294	2
148	348	2
148	416	2
148	679	2
148	728	2
148	899	2
149	206	2
149	228	2
149	255	2
149	331	2
149	432	2
149	623	2
149	930	2
149	958	2
153	247	2
153	296	2
153	313	2
153	413	2
153	866	2
154	264	2
154	956	2
155	321	2
155	346	2
155	382	2
155	474	2
155	540	2
155	963	2
156	711	2
156	820	2
156	932	2
157	159	2
157	605	2
157	652	2
157	817	2
158	274	2
158	880	2
158	984	2
159	270	2
159	817	2
159	912	2
160	205	2
160	452	2
160	662	2
160	702	2
161	201	2
161	335	2
161	369	2
161	442	2
161	586	2
164	188	2
164	189	2
164	235	2
164	269	2
164	505	2
164	616	2
164	678	2
164	843	2
164	892	2
164	906	2
165	375	2
165	584	2
165	800	2
166	191	2
166	194	2
166	210	2
166	740	2
166	791	2
166	859	2
166	894	2
166	938	2
168	188	2
168	189	2
168	211	2
168	263	2
168	269	2
168	358	2
168	438	2
168	678	2
169	687	2
169	888	2
170	173	2
170	772	2
170	861	2
170	867	2
171	178	2
171	189	2
171	211	2
172	301	2
172	669	2
173	695	2
178	893	2
179	383	2
179	558	2
179	907	2
182	294	2
182	323	2
182	334	2
182	766	2
183	193	2
183	202	2
183	250	2
183	272	2
183	297	2
183	627	2
183	737	2
183	760	2
183	870	2
185	189	2
185	269	2
185	655	2
187	216	2
187	654	2
188	598	2
188	777	2
189	753	2
189	819	2
189	854	2
190	195	2
190	237	2
190	473	2
190	536	2
191	258	2
191	317	2
191	509	2
191	716	2
191	818	2
192	384	2
192	387	2
193	870	2
196	257	2
196	289	2
196	333	2
196	388	2
196	415	2
196	437	2
196	516	2
196	652	2
196	935	2
197	198	2
197	237	2
197	473	2
197	949	2
198	237	2
198	369	2
198	919	2
198	985	2
201	486	2
201	549	2
202	229	2
203	271	2
203	578	2
203	774	2
205	221	2
205	223	2
205	479	2
205	521	2
205	535	2
205	600	2
205	750	2
205	955	2
206	421	2
206	908	2
207	220	2
207	265	2
207	819	2
208	284	2
208	794	2
209	779	2
210	350	2
210	390	2
211	269	2
211	610	2
211	887	2
212	244	2
212	560	2
213	482	2
213	690	2
213	957	2
214	310	2
214	348	2
214	386	2
214	632	2
214	816	2
216	249	2
216	654	2
216	934	2
218	891	2
219	416	2
220	284	2
220	607	2
220	609	2
221	223	2
221	431	2
221	533	2
223	282	2
224	307	2
224	475	2
226	291	2
226	641	2
227	974	2
228	255	2
228	331	2
229	441	2
229	986	2
231	298	2
232	574	2
233	389	2
233	409	2
233	487	2
233	537	2
233	615	2
233	670	2
234	813	2
235	826	2
235	893	2
235	900	2
235	966	2
237	331	2
237	762	2
237	985	2
239	242	2
239	735	2
239	894	2
240	377	2
240	565	2
240	787	2
242	407	2
242	469	2
243	462	2
243	590	2
243	619	2
243	682	2
243	768	2
243	872	2
243	950	2
243	981	2
244	425	2
244	580	2
244	707	2
244	816	2
244	839	2
244	860	2
244	921	2
246	295	2
246	339	2
247	362	2
247	458	2
247	570	2
248	373	2
248	650	2
248	868	2
249	252	2
249	341	2
249	776	2
250	297	2
250	407	2
252	943	2
253	713	2
255	829	2
256	292	2
256	301	2
256	825	2
256	935	2
257	380	2
257	456	2
257	481	2
257	749	2
258	306	2
258	443	2
258	631	2
258	640	2
259	530	2
259	662	2
259	703	2
260	986	2
261	533	2
263	353	2
263	403	2
263	629	2
264	344	2
264	352	2
264	378	2
264	379	2
264	405	2
265	767	2
266	369	2
266	676	2
266	720	2
267	278	2
267	687	2
269	282	2
269	655	2
269	830	2
270	700	2
270	852	2
271	467	2
271	483	2
271	544	2
271	566	2
271	595	2
271	656	2
271	714	2
272	851	2
274	277	2
274	377	2
277	413	2
277	603	2
277	863	2
278	559	2
278	782	2
282	809	2
285	370	2
285	383	2
285	741	2
289	332	2
289	333	2
289	388	2
289	415	2
291	521	2
293	440	2
293	530	2
295	503	2
295	618	2
296	316	2
296	410	2
298	797	2
299	373	2
299	702	2
299	868	2
301	755	2
302	371	2
302	925	2
306	716	2
306	997	2
307	347	2
308	361	2
308	420	2
308	727	2
309	557	2
313	340	2
313	410	2
314	671	2
314	681	2
314	797	2
315	434	2
315	876	2
317	818	2
317	997	2
319	356	2
319	913	2
321	725	2
327	717	2
328	442	2
328	475	2
328	676	2
328	698	2
328	949	2
331	432	2
331	508	2
332	384	2
332	674	2
335	475	2
336	429	2
337	436	2
338	971	2
338	976	2
341	511	2
343	400	2
343	765	2
344	445	2
344	713	2
345	490	2
346	685	2
346	709	2
346	843	2
347	454	2
348	857	2
351	923	2
353	783	2
353	850	2
354	940	2
356	439	2
358	887	2
361	734	2
361	837	2
362	668	2
366	618	2
367	384	2
367	827	2
367	941	2
371	576	2
373	527	2
374	467	2
374	562	2
374	566	2
377	630	2
378	405	2
378	995	2
379	414	2
379	691	2
380	555	2
382	526	2
385	453	2
386	679	2
386	728	2
386	899	2
387	827	2
388	434	2
389	409	2
389	906	2
391	775	2
392	495	2
392	528	2
392	874	2
395	869	2
399	438	2
399	706	2
400	494	2
400	717	2
402	433	2
402	692	2
402	996	2
403	583	2
404	996	2
409	657	2
412	891	2
415	437	2
416	603	2
417	498	2
417	962	2
418	470	2
418	495	2
418	528	2
419	532	2
421	547	2
425	444	2
425	488	2
427	463	2
427	620	2
428	580	2
429	457	2
429	953	2
430	834	2
431	766	2
433	519	2
433	592	2
436	718	2
440	826	2
443	466	2
444	533	2
445	705	2
446	666	2
446	799	2
446	927	2
448	744	2
451	489	2
451	989	2
452	588	2
456	625	2
457	587	2
457	622	2
457	951	2
458	480	2
463	988	2
467	483	2
468	761	2
469	527	2
469	912	2
470	704	2
473	523	2
474	665	2
474	963	2
479	567	2
480	999	2
481	886	2
483	656	2
484	811	2
486	720	2
488	575	2
491	866	2
493	993	2
495	574	2
496	684	2
496	932	2
498	755	2
501	615	2
504	761	2
504	902	2
505	876	2
509	837	2
510	512	2
511	877	2
519	588	2
522	651	2
524	789	2
525	613	2
525	746	2
527	926	2
529	602	2
529	804	2
531	727	2
536	842	2
537	670	2
541	579	2
544	714	2
545	723	2
547	783	2
554	605	2
564	683	2
564	712	2
564	759	2
564	970	2
565	787	2
566	578	2
567	983	2
571	609	2
576	874	2
581	597	2
585	706	2
585	723	2
587	953	2
590	628	2
593	650	2
594	751	2
594	926	2
602	757	2
602	901	2
606	747	2
609	968	2
610	841	2
623	829	2
629	943	2
633	994	2
638	771	2
640	809	2
641	821	2
643	992	2
651	748	2
665	757	2
674	844	2
675	838	2
681	895	2
683	936	2
684	880	2
685	747	2
688	731	2
689	886	2
689	897	2
690	970	2
692	804	2
699	743	2
701	857	2
708	775	2
709	937	2
710	798	2
712	936	2
719	838	2
719	948	2
725	778	2
726	910	2
735	956	2
741	815	2
744	871	2
750	863	2
754	954	2
756	850	2
756	958	2
760	856	2
762	842	2
773	840	2
825	910	2
861	867	2
869	919	2
878	992	2
892	966	2
905	917	2
1	77	3
1	518	3
2	36	3
2	163	3
2	257	3
2	274	3
2	289	3
2	415	3
2	431	3
2	457	3
2	587	3
2	651	3
2	756	3
2	897	3
4	12	3
4	111	3
4	116	3
4	264	3
4	746	3
4	947	3
4	997	3
6	634	3
6	977	3
7	71	3
7	102	3
7	135	3
7	344	3
9	243	3
9	277	3
9	839	3
9	871	3
9	981	3
12	94	3
12	172	3
12	191	3
12	322	3
12	542	3
12	612	3
15	33	3
15	48	3
15	90	3
15	95	3
15	110	3
15	232	3
15	258	3
15	306	3
15	403	3
15	571	3
18	88	3
18	95	3
18	274	3
18	360	3
18	476	3
18	674	3
18	865	3
19	20	3
19	227	3
19	512	3
19	582	3
19	665	3
19	806	3
19	814	3
20	24	3
20	118	3
20	140	3
20	197	3
20	360	3
20	428	3
20	806	3
20	819	3
20	829	3
20	835	3
20	952	3
21	326	3
21	487	3
21	499	3
21	993	3
23	73	3
23	74	3
23	87	3
23	136	3
23	203	3
23	246	3
23	295	3
23	371	3
23	376	3
23	384	3
23	505	3
23	543	3
23	698	3
23	701	3
23	912	3
23	917	3
24	85	3
24	90	3
24	140	3
24	197	3
24	360	3
24	461	3
24	794	3
24	819	3
24	952	3
28	101	3
28	155	3
28	387	3
29	138	3
29	714	3
29	900	3
29	907	3
33	90	3
33	110	3
33	163	3
33	213	3
33	225	3
36	198	3
36	257	3
36	587	3
36	651	3
36	695	3
36	764	3
36	932	3
38	228	3
38	232	3
38	602	3
38	624	3
46	107	3
46	500	3
46	589	3
46	822	3
47	148	3
47	178	3
47	417	3
47	711	3
48	71	3
48	74	3
48	142	3
48	281	3
48	344	3
48	511	3
50	139	3
50	183	3
50	399	3
53	94	3
53	103	3
53	191	3
53	217	3
53	233	3
53	300	3
53	321	3
53	322	3
53	344	3
53	526	3
53	573	3
53	765	3
53	821	3
53	873	3
55	111	3
55	311	3
55	333	3
55	552	3
55	764	3
59	219	3
59	239	3
59	275	3
59	427	3
59	442	3
59	978	3
64	88	3
64	274	3
64	607	3
66	116	3
66	254	3
66	355	3
66	913	3
67	183	3
67	423	3
71	79	3
71	102	3
71	110	3
71	142	3
71	281	3
71	344	3
71	765	3
71	783	3
71	957	3
71	993	3
73	84	3
73	120	3
73	291	3
73	350	3
73	359	3
73	362	3
73	389	3
73	421	3
73	489	3
73	511	3
73	519	3
73	535	3
73	568	3
73	578	3
73	774	3
73	979	3
74	75	3
74	100	3
74	246	3
74	376	3
74	391	3
74	636	3
74	895	3
74	975	3
74	986	3
75	245	3
76	174	3
76	201	3
76	229	3
76	270	3
76	537	3
76	668	3
76	763	3
76	854	3
76	982	3
77	143	3
77	232	3
77	440	3
77	474	3
77	879	3
77	921	3
77	923	3
77	939	3
79	139	3
79	168	3
79	268	3
79	321	3
79	556	3
79	697	3
82	132	3
82	148	3
82	178	3
82	240	3
82	245	3
82	277	3
82	398	3
82	415	3
82	417	3
82	679	3
82	766	3
82	783	3
84	129	3
84	359	3
84	362	3
84	535	3
84	619	3
84	626	3
84	742	3
85	140	3
85	197	3
86	306	3
86	309	3
86	439	3
86	713	3
87	123	3
87	198	3
87	237	3
87	312	3
87	327	3
87	338	3
87	344	3
87	379	3
87	572	3
87	602	3
87	920	3
88	152	3
88	274	3
88	476	3
88	692	3
88	901	3
89	159	3
89	278	3
89	541	3
90	163	3
90	306	3
90	476	3
90	503	3
90	751	3
92	105	3
92	116	3
92	148	3
92	180	3
92	335	3
92	340	3
92	362	3
92	369	3
92	475	3
92	635	3
92	732	3
92	872	3
92	980	3
94	116	3
94	217	3
94	328	3
94	495	3
94	947	3
95	213	3
95	258	3
95	468	3
95	503	3
95	647	3
95	663	3
95	841	3
96	291	3
96	362	3
96	389	3
96	538	3
96	720	3
98	740	3
98	872	3
100	246	3
100	391	3
100	408	3
100	580	3
100	968	3
101	155	3
101	320	3
101	387	3
101	403	3
101	620	3
101	643	3
102	344	3
102	573	3
103	172	3
103	322	3
103	607	3
103	802	3
105	369	3
105	990	3
107	383	3
107	697	3
108	115	3
108	450	3
108	604	3
108	678	3
110	258	3
110	403	3
110	542	3
110	841	3
110	842	3
110	853	3
111	116	3
111	264	3
111	515	3
111	595	3
111	640	3
111	734	3
111	991	3
112	239	3
112	498	3
114	304	3
114	311	3
115	204	3
115	463	3
115	508	3
115	801	3
115	930	3
116	264	3
116	271	3
116	444	3
116	515	3
116	595	3
116	663	3
116	734	3
116	746	3
116	835	3
116	847	3
116	991	3
116	997	3
118	244	3
118	849	3
120	129	3
123	146	3
128	163	3
128	263	3
128	342	3
128	403	3
128	583	3
128	789	3
128	845	3
128	867	3
129	389	3
129	431	3
129	519	3
131	701	3
131	910	3
132	277	3
135	461	3
135	523	3
135	534	3
135	852	3
136	749	3
136	968	3
137	179	3
137	229	3
137	439	3
137	520	3
137	580	3
137	908	3
138	243	3
138	576	3
138	717	3
139	268	3
139	278	3
139	992	3
140	674	3
142	344	3
143	440	3
143	474	3
146	743	3
146	754	3
148	178	3
148	412	3
148	417	3
150	155	3
150	320	3
150	591	3
150	837	3
151	345	3
151	714	3
151	839	3
151	856	3
151	871	3
151	951	3
152	338	3
152	513	3
152	624	3
153	155	3
153	315	3
153	672	3
155	192	3
155	258	3
155	387	3
155	591	3
155	643	3
155	758	3
155	841	3
159	180	3
159	197	3
159	500	3
159	541	3
159	817	3
168	268	3
168	345	3
168	383	3
168	459	3
168	556	3
168	603	3
172	217	3
172	300	3
172	526	3
172	537	3
172	979	3
174	201	3
174	726	3
174	964	3
175	198	3
175	286	3
175	312	3
178	245	3
178	277	3
178	344	3
178	398	3
178	412	3
178	510	3
179	439	3
179	908	3
180	217	3
180	323	3
180	335	3
180	369	3
180	475	3
180	635	3
180	653	3
180	732	3
180	980	3
183	366	3
183	399	3
183	423	3
183	468	3
183	578	3
183	630	3
183	742	3
183	809	3
183	844	3
183	862	3
183	870	3
183	935	3
190	505	3
190	815	3
192	387	3
197	210	3
197	324	3
197	739	3
198	232	3
198	754	3
201	342	3
203	767	3
204	332	3
204	463	3
204	464	3
204	626	3
204	784	3
204	789	3
204	863	3
204	920	3
206	264	3
206	563	3
209	546	3
209	562	3
210	360	3
211	597	3
211	710	3
211	860	3
211	970	3
213	306	3
213	854	3
217	607	3
217	724	3
219	540	3
219	573	3
219	818	3
225	461	3
225	592	3
225	603	3
225	969	3
226	500	3
226	563	3
226	822	3
227	546	3
228	327	3
229	439	3
229	649	3
229	743	3
229	837	3
229	888	3
229	908	3
231	403	3
231	428	3
231	524	3
231	972	3
232	237	3
232	327	3
232	562	3
232	624	3
232	771	3
232	973	3
232	989	3
233	355	3
233	518	3
233	947	3
236	729	3
236	750	3
236	811	3
237	536	3
239	275	3
239	442	3
239	459	3
239	836	3
240	296	3
241	527	3
241	750	3
243	345	3
243	507	3
244	254	3
244	427	3
244	770	3
244	978	3
245	277	3
245	398	3
245	412	3
246	718	3
253	275	3
253	344	3
256	315	3
256	940	3
257	861	3
258	508	3
262	540	3
262	599	3
263	403	3
263	753	3
263	796	3
264	271	3
264	604	3
264	814	3
264	913	3
268	459	3
270	771	3
271	596	3
274	865	3
277	510	3
278	459	3
279	552	3
279	1000	3
281	291	3
281	344	3
281	387	3
286	312	3
286	536	3
286	771	3
286	923	3
288	311	3
288	336	3
289	587	3
295	412	3
296	402	3
296	410	3
296	706	3
296	749	3
296	961	3
301	368	3
301	524	3
304	364	3
306	723	3
309	957	3
311	451	3
311	601	3
311	615	3
311	782	3
311	918	3
311	930	3
311	986	3
312	867	3
317	345	3
317	489	3
322	391	3
323	572	3
324	982	3
326	469	3
326	634	3
327	338	3
327	771	3
327	891	3
328	462	3
328	592	3
332	413	3
332	585	3
332	706	3
332	916	3
333	615	3
333	691	3
335	527	3
336	428	3
336	451	3
338	536	3
338	572	3
340	787	3
340	793	3
340	988	3
342	469	3
342	668	3
342	910	3
344	372	3
344	421	3
344	554	3
344	794	3
344	990	3
345	554	3
345	869	3
345	933	3
345	976	3
350	502	3
350	574	3
350	599	3
355	495	3
359	641	3
361	655	3
361	750	3
362	491	3
362	971	3
364	815	3
364	895	3
366	630	3
368	577	3
368	848	3
371	636	3
372	589	3
372	988	3
374	562	3
374	727	3
376	718	3
379	989	3
380	383	3
380	768	3
383	572	3
384	391	3
387	758	3
387	827	3
391	580	3
391	585	3
392	787	3
392	836	3
399	844	3
399	935	3
402	565	3
403	507	3
403	557	3
403	571	3
403	583	3
403	647	3
403	842	3
405	527	3
405	735	3
405	750	3
405	868	3
408	518	3
408	558	3
408	688	3
408	731	3
410	565	3
410	818	3
410	938	3
411	547	3
411	743	3
412	417	3
413	784	3
413	916	3
415	431	3
421	502	3
421	519	3
421	619	3
421	639	3
421	768	3
423	870	3
427	498	3
427	770	3
428	524	3
428	577	3
428	795	3
439	519	3
440	921	3
444	735	3
444	868	3
446	856	3
446	883	3
450	863	3
451	601	3
456	710	3
456	861	3
457	892	3
459	697	3
461	534	3
461	691	3
461	897	3
461	931	3
462	540	3
462	612	3
464	626	3
471	518	3
471	688	3
487	711	3
491	502	3
495	587	3
498	849	3
499	634	3
499	996	3
502	574	3
502	653	3
503	518	3
505	698	3
507	871	3
508	633	3
508	845	3
512	665	3
512	828	3
513	973	3
515	766	3
518	558	3
518	693	3
518	731	3
518	866	3
520	679	3
520	713	3
523	931	3
527	655	3
528	775	3
528	866	3
536	572	3
538	596	3
538	900	3
540	567	3
543	597	3
546	562	3
546	879	3
547	601	3
556	864	3
556	992	3
557	996	3
562	582	3
567	724	3
568	809	3
572	891	3
576	596	3
580	918	3
587	756	3
587	932	3
596	740	3
596	800	3
597	678	3
597	860	3
601	782	3
620	977	3
622	901	3
622	907	3
633	845	3
639	757	3
640	757	3
641	774	3
649	743	3
649	802	3
665	727	3
668	964	3
672	970	3
677	763	3
677	852	3
692	827	3
693	704	3
695	882	3
697	767	3
697	796	3
698	862	3
698	918	3
704	939	3
713	775	3
714	981	3
717	800	3
720	971	3
723	753	3
726	910	3
726	940	3
726	963	3
729	739	3
743	1000	3
751	917	3
781	847	3
781	967	3
787	817	3
789	853	3
793	967	3
795	821	3
801	829	3
811	969	3
816	908	3
816	975	3
828	883	3
848	971	3
864	992	3
869	976	3
873	963	3
882	892	3
888	912	3
905	938	3
905	961	3
933	951	3
972	992	3
9	321	4
9	503	4
10	53	4
10	194	4
10	322	4
10	395	4
10	460	4
10	798	4
10	837	4
11	194	4
11	322	4
11	431	4
11	432	4
11	798	4
11	856	4
11	965	4
21	290	4
21	296	4
21	774	4
27	289	4
27	302	4
29	322	4
29	348	4
29	375	4
29	468	4
29	473	4
29	493	4
29	655	4
29	833	4
29	876	4
29	927	4
32	91	4
32	157	4
32	447	4
32	864	4
32	977	4
33	240	4
33	337	4
33	577	4
33	751	4
36	118	4
36	851	4
38	139	4
38	150	4
38	312	4
38	359	4
38	384	4
38	428	4
38	562	4
38	571	4
39	40	4
39	494	4
40	87	4
40	121	4
40	150	4
40	176	4
40	322	4
40	473	4
40	494	4
40	529	4
40	531	4
40	536	4
40	565	4
40	811	4
40	831	4
40	845	4
40	905	4
40	973	4
43	49	4
43	753	4
43	774	4
49	77	4
49	337	4
49	577	4
49	967	4
49	979	4
52	322	4
52	615	4
52	636	4
53	114	4
53	246	4
53	382	4
53	466	4
59	97	4
59	139	4
59	460	4
62	240	4
62	583	4
68	322	4
68	798	4
73	150	4
73	325	4
73	934	4
77	153	4
77	164	4
77	316	4
77	577	4
77	586	4
77	601	4
77	751	4
77	862	4
87	428	4
87	973	4
91	447	4
91	479	4
91	828	4
93	139	4
93	322	4
97	139	4
97	460	4
97	837	4
100	614	4
100	705	4
100	809	4
100	934	4
108	122	4
108	217	4
108	246	4
108	431	4
108	466	4
108	675	4
108	682	4
108	697	4
108	736	4
108	879	4
110	240	4
110	642	4
110	724	4
113	150	4
113	240	4
114	466	4
114	810	4
118	662	4
121	531	4
121	905	4
122	130	4
122	314	4
122	363	4
122	466	4
122	879	4
122	909	4
127	160	4
127	249	4
127	312	4
127	428	4
127	661	4
130	382	4
131	283	4
131	336	4
135	150	4
135	176	4
137	387	4
137	396	4
137	569	4
139	150	4
139	160	4
139	229	4
139	240	4
139	249	4
139	339	4
139	369	4
139	375	4
139	434	4
139	460	4
139	466	4
139	647	4
139	682	4
139	837	4
139	923	4
150	248	4
150	328	4
150	359	4
150	384	4
150	428	4
150	481	4
150	490	4
150	562	4
150	571	4
150	778	4
150	792	4
150	799	4
150	825	4
150	862	4
153	601	4
153	967	4
157	864	4
157	896	4
157	925	4
157	977	4
160	428	4
160	432	4
160	514	4
160	571	4
160	661	4
164	316	4
164	751	4
176	263	4
176	807	4
178	240	4
178	428	4
187	189	4
187	471	4
189	856	4
194	322	4
194	432	4
197	321	4
197	929	4
197	990	4
206	460	4
206	705	4
206	822	4
206	827	4
206	958	4
210	321	4
210	624	4
210	676	4
217	246	4
220	396	4
220	636	4
223	225	4
223	239	4
223	382	4
223	909	4
225	669	4
226	925	4
226	958	4
227	240	4
227	531	4
227	536	4
227	783	4
229	460	4
239	840	4
240	257	4
240	428	4
240	565	4
240	583	4
240	592	4
240	624	4
240	642	4
240	661	4
240	724	4
240	778	4
240	876	4
244	283	4
244	957	4
246	382	4
246	466	4
246	619	4
246	633	4
246	636	4
246	659	4
246	675	4
246	697	4
246	736	4
248	359	4
248	481	4
248	571	4
249	460	4
253	447	4
253	907	4
257	322	4
257	592	4
258	469	4
258	722	4
263	518	4
263	792	4
279	413	4
279	633	4
279	697	4
281	285	4
281	388	4
281	519	4
281	564	4
281	609	4
281	636	4
281	662	4
283	336	4
283	384	4
283	617	4
283	622	4
283	642	4
283	699	4
283	842	4
283	957	4
285	519	4
285	609	4
285	849	4
285	851	4
289	967	4
290	967	4
296	967	4
300	585	4
300	615	4
300	636	4
302	315	4
312	428	4
312	661	4
312	848	4
314	619	4
315	601	4
316	395	4
316	979	4
321	666	4
321	735	4
321	990	4
322	431	4
322	432	4
322	701	4
322	798	4
322	804	4
322	965	4
325	626	4
325	998	4
328	359	4
328	562	4
328	571	4
336	622	4
336	957	4
339	490	4
348	877	4
359	384	4
359	481	4
359	799	4
359	825	4
359	965	4
363	697	4
363	853	4
367	498	4
367	815	4
369	445	4
375	927	4
382	675	4
382	697	4
384	481	4
384	562	4
386	586	4
386	751	4
387	498	4
387	636	4
387	700	4
387	754	4
388	428	4
388	564	4
388	897	4
395	979	4
396	873	4
413	675	4
428	460	4
428	514	4
428	567	4
428	571	4
428	661	4
428	848	4
428	933	4
434	460	4
445	636	4
447	713	4
447	827	4
460	465	4
460	529	4
460	598	4
460	647	4
460	669	4
460	675	4
460	837	4
460	893	4
460	897	4
460	923	4
465	625	4
466	659	4
466	682	4
466	697	4
466	810	4
466	985	4
468	833	4
468	876	4
469	569	4
471	637	4
473	493	4
473	927	4
479	896	4
493	927	4
498	538	4
498	636	4
503	624	4
503	676	4
504	519	4
504	598	4
514	661	4
518	880	4
519	598	4
519	609	4
519	662	4
519	849	4
519	952	4
532	636	4
532	815	4
538	636	4
555	569	4
555	974	4
562	571	4
563	662	4
563	952	4
566	822	4
566	840	4
567	669	4
567	909	4
567	910	4
569	700	4
583	592	4
583	642	4
583	735	4
585	636	4
592	642	4
609	662	4
614	626	4
617	957	4
622	957	4
624	666	4
624	735	4
624	962	4
625	807	4
625	880	4
636	637	4
642	661	4
647	837	4
655	661	4
661	933	4
675	853	4
682	853	4
682	985	4
699	957	4
701	798	4
710	910	4
710	912	4
713	865	4
722	873	4
735	962	4
743	833	4
743	927	4
753	958	4
754	974	4
783	845	4
804	965	4
809	998	4
811	831	4
815	873	4
824	909	4
824	912	4
828	907	4
833	876	4
833	927	4
837	893	4
839	848	4
839	865	4
842	957	4
876	927	4
877	927	4
929	990	4
